JD	Filter	Airmass	CY Aqr	104	110	Err	SNR	FWHM	Skyglow	Max ADU	I.M.
2461288.78966	V	1.51000	10.440	10.408	na	0.002	499	4.128	296.528	3611	-7.610
2461288.78966	B	1.51000	10.863	11.132	na	0.002	521	3.667	295.306	3918	-7.842
2461288.78966	R	1.51000	10.240	9.984	na	0.002	444	4.921	303.142	4290	-7.844
2461288.79037	V	1.50300	10.417	10.413	na	0.002	504	4.375	296.526	3676	-7.641
2461288.79037	B	1.50300	10.846	11.149	na	0.002	531	3.534	295.233	4065	-7.878
2461288.79037	R	1.50300	10.206	9.975	na	0.002	474	1.695	301.618	4953	-7.849
2461288.79108	V	1.49600	10.414	10.411	na	0.002	506	3.270	296.458	3906	-7.630
2461288.79108	B	1.49600	10.830	11.132	na	0.002	527	3.100	295.338	4428	-7.845
2461288.79108	R	1.49600	10.219	10.002	na	0.002	452	4.440	302.789	5192	-7.876
2461288.79178	V	1.48900	10.405	10.405	na	0.002	509	4.165	295.330	3926	-7.656
2461288.79178	B	1.48900	10.837	11.150	na	0.002	532	3.543	293.981	4359	-7.892
2461288.79178	R	1.48900	10.212	9.985	na	0.002	462	4.895	301.004	4833	-7.873
2461288.79248	V	1.48300	10.397	10.402	na	0.002	508	4.002	296.483	3816	-7.650
2461288.79248	B	1.48300	10.828	11.135	na	0.002	534	3.193	295.622	4544	-7.867
2461288.79248	R	1.48300	10.197	9.981	na	0.002	463	4.654	302.393	4729	-7.877
2461288.79318	V	1.47700	10.417	10.408	na	0.002	505	4.127	295.588	3787	-7.635
2461288.79318	B	1.47700	10.840	11.139	na	0.002	527	3.440	293.693	4292	-7.867
2461288.79318	R	1.47700	10.226	9.982	na	0.002	445	5.121	302.710	4769	-7.864
2461288.79389	V	1.47000	10.433	10.392	na	0.002	501	4.182	296.214	3734	-7.613
2461288.79389	B	1.47000	10.855	11.111	na	0.002	525	3.267	294.844	4321	-7.828
2461288.79389	R	1.47000	10.233	9.956	na	0.002	479	1.752	302.510	4955	-7.816
2461288.79459	V	1.46400	10.451	10.425	na	0.002	499	4.217	295.440	3575	-7.612
2461288.79459	B	1.46400	10.873	11.149	na	0.002	522	3.493	293.862	4076	-7.842
2461288.79459	R	1.46400	10.238	9.994	na	0.002	443	4.850	300.522	4610	-7.854
2461288.79530	V	1.45800	10.463	10.406	na	0.002	496	4.271	296.313	3628	-7.594
2461288.79530	B	1.45800	10.887	11.117	na	0.002	514	3.107	294.202	4215	-7.799
2461288.79530	R	1.45800	10.256	9.974	na	0.002	466	1.711	301.665	4827	-7.797
2461288.79601	V	1.45100	10.476	10.399	na	0.002	491	4.244	295.195	3542	-7.575
2461288.79601	B	1.45100	10.913	11.126	na	0.002	509	3.341	294.504	4079	-7.800
2461288.79601	R	1.45100	10.265	9.966	na	0.002	466	1.701	299.506	4827	-7.785
2461288.79671	V	1.44500	10.501	10.399	na	0.002	483	2.867	294.826	3926	-7.533
2461288.79671	B	1.44500	10.943	11.115	na	0.002	498	1.750	293.513	4035	-7.720
2461288.79671	R	1.44500	10.280	9.980	na	0.003	425	4.470	298.974	4326	-7.794
2461288.79741	V	1.44000	10.524	10.406	na	0.002	478	3.454	295.336	3592	-7.513
2461288.79741	B	1.44000	10.967	11.139	na	0.002	493	3.214	294.273	3862	-7.732
2461288.79741	R	1.44000	10.315	9.984	na	0.003	419	4.747	301.330	4240	-7.767
2461288.79811	V	1.43400	10.540	10.389	na	0.002	472	3.153	294.940	3634	-7.493
2461288.79811	B	1.43400	10.984	11.114	na	0.002	489	1.876	293.670	3661	-7.677
2461288.79811	R	1.43400	10.339	9.979	na	0.003	412	4.565	300.368	4021	-7.744
2461288.79882	V	1.42800	10.565	10.398	na	0.002	468	3.323	295.139	3526	-7.469
2461288.79882	B	1.42800	11.002	11.095	na	0.002	476	1.904	294.098	3683	-7.613
2461288.79882	R	1.42800	10.348	9.991	na	0.003	414	4.415	298.980	3980	-7.739
2461288.79953	V	1.42200	10.591	10.402	na	0.002	463	3.036	294.951	3540	-7.450
2461288.79953	B	1.42200	11.042	11.103	na	0.002	470	1.821	293.723	3808	-7.581
2461288.79953	R	1.42200	10.389	10.005	na	0.003	407	4.317	300.472	3867	-7.713
2461288.80023	V	1.41600	10.616	10.387	na	0.002	453	2.914	295.309	3450	-7.399
2461288.80023	B	1.41600	11.065	11.094	na	0.002	457	1.928	294.042	3510	-7.539
2461288.80023	R	1.41600	10.400	9.974	na	0.003	396	4.444	301.447	3767	-7.675
2461288.80094	V	1.41100	10.649	10.390	na	0.002	451	3.148	294.673	3345	-7.396
2461288.80094	B	1.41100	11.101	11.086	na	0.002	449	1.967	293.308	3174	-7.490
2461288.80094	R	1.41100	10.410	9.964	na	0.003	428	1.980	300.052	3829	-7.629
2461288.80163	V	1.40500	10.683	10.406	na	0.002	444	3.998	294.912	3078	-7.370
2461288.80163	B	1.40500	11.138	11.112	na	0.002	444	1.918	293.524	3123	-7.521
2461288.80163	R	1.40500	10.457	10.003	na	0.003	381	4.963	299.582	3592	-7.641
2461288.80234	V	1.40000	10.717	10.413	na	0.002	438	4.069	295.204	2895	-7.348
2461288.80234	B	1.40000	11.187	11.147	na	0.002	442	4.084	293.640	2898	-7.547
2461288.80234	R	1.40000	10.473	10.004	na	0.003	388	4.670	300.195	3546	-7.626
2461288.80304	V	1.39400	10.732	10.406	na	0.003	433	3.895	294.911	2942	-7.322
2461288.80304	B	1.39400	11.202	11.105	na	0.002	435	1.992	293.024	2896	-7.449
2461288.80304	R	1.39400	10.485	9.983	na	0.003	373	4.688	299.243	3661	-7.605
2461288.80375	V	1.38900	10.760	10.397	na	0.003	427	3.562	294.952	2929	-7.276
2461288.80375	B	1.38900	11.223	11.092	na	0.003	421	1.801	293.422	3258	-7.374
2461288.80375	R	1.39100	10.525	10.009	na	0.003	373	4.886	299.551	3925	-7.580
2461288.80446	V	1.38400	10.781	10.407	na	0.003	424	3.808	295.082	2768	-7.268
2461288.80446	B	1.38400	11.255	11.087	na	0.003	417	1.862	294.015	2969	-7.353
2461288.80446	R	1.38500	10.539	9.996	na	0.003	359	4.835	299.850	3783	-7.559
2461288.80515	V	1.37900	10.802	10.405	na	0.003	421	3.490	295.056	2873	-7.249
2461288.80515	B	1.37900	11.265	11.093	na	0.003	415	1.882	293.814	3023	-7.354
2461288.80515	R	1.38000	10.547	9.987	na	0.003	374	4.785	299.552	3598	-7.550
2461288.80586	V	1.37500	10.815	10.402	na	0.003	417	3.520	294.915	2888	-7.235
2461288.80586	B	1.37400	11.301	11.122	na	0.003	414	1.888	294.126	2879	-7.375
2461288.80586	R	1.37500	10.553	9.982	na	0.003	346	4.757	298.803	3453	-7.538
2461288.80656	V	1.37000	10.831	10.386	na	0.003	412	3.425	295.154	2733	-7.204
2461288.80656	B	1.36900	11.315	11.091	na	0.003	407	1.929	293.326	2830	-7.317
2461288.80656	R	1.37000	10.571	9.974	na	0.003	358	4.512	299.810	3433	-7.510
2461288.80727	V	1.36500	10.867	10.413	na	0.003	407	3.320	294.979	2765	-7.192
2461288.80727	B	1.36400	11.363	11.120	na	0.003	400	1.914	293.775	2827	-7.288
2461288.80727	R	1.36500	10.598	9.993	na	0.003	356	4.564	300.387	3137	-7.497
2461288.80909	V	1.35200	10.907	10.402	na	0.003	399	3.303	294.960	2638	-7.141
2461288.80909	B	1.34600	11.411	11.126	na	0.003	392	3.335	293.143	2662	-7.297
2461288.80909	R	1.35200	10.635	9.977	na	0.003	364	3.752	299.841	3126	-7.445
2461288.80978	V	1.34700	10.918	10.397	na	0.003	395	3.130	295.174	2809	-7.111
2461288.80978	B	1.34200	11.439	11.123	na	0.003	389	3.298	294.293	2731	-7.259
2461288.80978	R	1.34700	10.647	9.988	na	0.003	359	3.384	301.347	3405	-7.436
2461288.81082	V	1.33900	10.935	10.392	na	0.003	392	2.986	296.068	2878	-7.090
2461288.81082	B	1.33900	11.468	11.137	na	0.003	382	3.145	294.677	2848	-7.233
2461288.81082	R	1.34100	10.665	9.976	na	0.003	364	2.902	299.831	3630	-7.409
2461288.81153	V	1.33500	10.945	10.387	na	0.003	390	2.953	295.849	2929	-7.079
2461288.81153	B	1.33000	11.455	11.081	na	0.003	379	2.223	294.139	2864	-7.164
2461288.81153	R	1.33600	10.670	9.958	na	0.003	375	2.681	300.957	3603	-7.379
2461288.81235	V	1.32900	10.952	10.391	na	0.003	389	2.689	295.642	3058	-7.064
2461288.81235	B	1.32500	11.479	11.109	na	0.003	380	2.805	294.539	2720	-7.183
2461288.81235	R	1.33100	10.688	9.995	na	0.003	368	2.269	299.219	3760	-7.387
2461288.81306	V	1.32500	10.974	10.389	na	0.003	385	3.090	295.724	2824	-7.057
2461288.81306	B	1.32000	11.496	11.096	na	0.003	374	2.370	294.490	2761	-7.140
2461288.81306	R	1.32600	10.716	9.991	na	0.003	359	3.135	301.673	3413	-7.372
2461288.81376	V	1.32000	10.995	10.390	na	0.003	378	2.717	295.753	2783	-7.004
2461288.81376	B	1.31600	11.517	11.105	na	0.003	360	1.984	294.512	2657	-7.076
2461288.81376	R	1.32200	10.718	9.993	na	0.003	348	2.341	299.876	3458	-7.349
2461288.81462	V	1.31500	11.007	10.403	na	0.003	381	2.732	294.114	2883	-7.029
2461288.81462	B	1.31100	11.528	11.123	na	0.003	370	2.188	292.897	2693	-7.124
2461288.81462	R	1.31600	10.730	10.010	na	0.003	341	4.164	298.263	3286	-7.380
2461288.81532	V	1.31100	11.006	10.392	na	0.003	381	3.055	295.817	2763	-7.033
2461288.81532	B	1.30600	11.541	11.130	na	0.003	364	3.122	295.134	2678	-7.169
2461288.81532	R	1.31200	10.733	9.980	na	0.003	350	4.354	299.907	3380	-7.363
2461288.81602	V	1.30700	11.015	10.395	na	0.003	378	3.019	295.535	2678	-7.021
2461288.81602	B	1.30200	11.561	11.119	na	0.003	365	3.022	293.932	2682	-7.128
2461288.81602	R	1.30800	10.738	9.983	na	0.003	358	4.238	300.005	3278	-7.348
2461288.81672	V	1.30200	11.030	10.401	na	0.003	377	3.079	295.969	2706	-7.014
2461288.81672	B	1.29800	11.569	11.130	na	0.003	367	3.002	294.287	2745	-7.133
2461288.81672	R	1.30300	10.760	9.995	na	0.003	344	4.277	299.736	3413	-7.338
2461288.81743	V	1.29800	11.026	10.382	na	0.003	376	2.835	295.953	2789	-6.998
2461288.81743	B	1.29400	11.572	11.117	na	0.003	359	2.869	294.264	2823	-7.110
2461288.81743	R	1.29900	10.742	9.982	na	0.003	346	4.095	299.422	3511	-7.348
2461288.81814	V	1.29400	11.040	10.403	na	0.003	376	3.103	295.730	2660	-7.007
2461288.81814	B	1.29000	11.579	11.120	na	0.003	366	2.984	294.504	2759	-7.111
2461288.81814	R	1.29500	10.766	10.001	na	0.003	339	4.131	300.546	3543	-7.340
2461288.81884	V	1.29000	11.036	10.385	na	0.003	375	2.791	295.727	2732	-6.992
2461288.81884	B	1.28600	11.586	11.130	na	0.003	363	3.281	294.699	2525	-7.131
2461288.81884	R	1.29100	10.759	9.981	na	0.003	362	2.692	300.263	3360	-7.324
2461288.81955	V	1.28600	11.048	10.391	na	0.003	374	2.936	295.877	2785	-6.997
2461288.81955	B	1.28200	11.594	11.118	na	0.003	359	2.718	294.668	2562	-7.091
2461288.81955	R	1.28700	10.770	9.983	na	0.003	349	4.094	300.016	3075	-7.331
2461288.82025	V	1.28200	11.046	10.396	na	0.003	375	3.087	295.604	2596	-7.005
2461288.82025	B	1.27800	11.606	11.136	na	0.003	355	3.383	294.790	2411	-7.120
2461288.82025	R	1.28300	10.757	9.986	na	0.003	345	3.576	299.559	3270	-7.340
2461288.82095	V	1.27800	11.055	10.394	na	0.003	372	3.190	295.640	2587	-6.992
2461288.82095	B	1.27400	11.612	11.135	na	0.003	356	3.321	294.382	2479	-7.109
2461288.82095	R	1.27900	10.781	9.986	na	0.003	346	4.268	299.646	3297	-7.319
2461288.82166	V	1.27400	11.065	10.388	na	0.003	370	3.171	295.932	2609	-6.970
2461288.82166	B	1.27000	11.593	11.102	na	0.003	358	3.119	294.718	2613	-7.066
2461288.82166	R	1.27500	10.768	9.992	na	0.003	352	3.050	299.818	3320	-7.314
2461288.82236	V	1.27000	11.079	10.411	na	0.003	371	2.774	295.647	2728	-6.988
2461288.82236	B	1.26600	11.623	11.108	na	0.003	355	2.589	294.302	2446	-7.048
2461288.82236	R	1.27100	10.792	10.001	na	0.003	363	2.050	300.297	3587	-7.289
2461288.82307	V	1.26300	11.090	10.403	na	0.003	369	2.942	294.574	2629	-6.972
2461288.82307	B	1.26300	11.624	11.113	na	0.003	352	2.726	293.271	2463	-7.062
2461288.82307	R	1.26800	10.785	9.984	na	0.003	338	3.327	297.973	3168	-7.308
2461288.82377	V	1.25900	11.076	10.387	na	0.003	368	2.810	295.543	2815	-6.952
2461288.82377	B	1.25900	11.614	11.087	na	0.003	349	2.464	294.178	2640	-7.022
2461288.82377	R	1.26400	10.796	9.993	na	0.003	355	3.118	298.684	3246	-7.283
2461288.82448	V	1.25500	11.066	10.379	na	0.003	370	2.922	295.634	2719	-6.965
2461288.82448	B	1.25500	11.629	11.104	na	0.003	350	2.889	294.909	2678	-7.054
2461288.82448	R	1.26000	10.770	9.954	na	0.003	356	1.847	299.737	3554	-7.283
2461288.82517	V	1.25200	11.089	10.393	na	0.003	369	2.472	296.086	2883	-6.943
2461288.82517	B	1.25200	11.652	11.133	na	0.003	352	3.068	295.421	2611	-7.058
2461288.82517	R	1.25600	10.796	9.977	na	0.003	358	1.963	300.075	3590	-7.284
2461288.82588	V	1.24800	11.085	10.385	na	0.003	368	2.940	295.652	2803	-6.947
2461288.82588	B	1.24800	11.633	11.099	na	0.003	350	2.815	294.270	2807	-7.035
2461288.82588	R	1.25300	10.786	9.972	na	0.003	369	2.675	299.132	3496	-7.257
2461288.82659	V	1.24500	11.098	10.396	na	0.003	368	2.561	295.189	2907	-6.951
2461288.82659	B	1.24500	11.639	11.112	na	0.003	349	2.662	294.340	2553	-7.026
2461288.82659	R	1.24900	10.814	9.972	na	0.003	353	2.299	299.079	3796	-7.244
2461288.82729	V	1.24100	11.095	10.400	na	0.003	367	2.839	295.812	2869	-6.944
2461288.82729	B	1.24100	11.646	11.119	na	0.003	351	2.544	294.493	2716	-7.016
2461288.82729	R	1.24600	10.814	9.990	na	0.003	350	3.014	298.921	3313	-7.278
2461288.82800	V	1.23800	11.107	10.396	na	0.003	365	3.118	295.773	2580	-6.940
2461288.82800	B	1.23800	11.648	11.116	na	0.003	350	3.250	294.659	2474	-7.051
2461288.82800	R	1.24200	10.810	9.986	na	0.003	343	3.049	299.639	3195	-7.277
2461288.82870	V	1.23400	11.097	10.391	na	0.003	365	2.514	294.103	2997	-6.931
2461288.82870	B	1.23400	11.645	11.109	na	0.003	348	2.431	293.711	2697	-7.015
2461288.82870	R	1.23900	10.806	9.971	na	0.003	354	2.848	298.129	3456	-7.265
2461288.82975	V	1.23000	11.097	10.383	na	0.003	365	2.910	295.197	2740	-6.929
2461288.82975	B	1.23000	11.657	11.122	na	0.003	353	3.046	294.102	2634	-7.047
2461288.82975	R	1.23400	10.815	9.970	na	0.003	358	2.244	298.774	3515	-7.251
2461288.83045	V	1.22600	11.086	10.381	na	0.003	367	2.830	295.417	2907	-6.945
2461288.83045	B	1.22600	11.633	11.085	na	0.003	350	2.818	294.016	2817	-7.029
2461288.83045	R	1.23100	10.815	9.986	na	0.003	354	2.377	298.836	3484	-7.262
2461288.83116	V	1.22300	11.111	10.401	na	0.003	364	2.737	295.536	2826	-6.930
2461288.83116	B	1.22300	11.639	11.105	na	0.003	352	2.630	294.213	2563	-7.029
2461288.83116	R	1.22700	10.803	9.973	na	0.003	346	2.260	298.297	3670	-7.261
2461288.83186	V	1.22000	11.088	10.377	na	0.003	364	2.781	295.470	2942	-6.923
2461288.83186	B	1.22000	11.662	11.114	na	0.003	352	3.027	294.049	2628	-7.024
2461288.83186	R	1.22400	10.817	9.988	na	0.003	351	3.100	298.820	3404	-7.270
2461288.83257	V	1.21700	11.097	10.373	na	0.003	364	2.748	295.349	2806	-6.924
2461288.83257	B	1.21700	11.663	11.138	na	0.003	349	2.996	294.284	2664	-7.056
2461288.83257	R	1.22100	10.802	9.952	na	0.003	366	1.941	298.394	3622	-7.244
2461288.83328	V	1.21400	11.093	10.383	na	0.003	366	2.510	294.447	3025	-6.938
2461288.83328	B	1.21400	11.630	11.080	na	0.003	348	2.349	293.299	2740	-6.990
2461288.83328	R	1.21800	10.793	9.943	na	0.003	361	2.212	298.401	3736	-7.218
2461288.83397	V	1.21100	11.115	10.386	na	0.003	362	2.362	294.074	3048	-6.913
2461288.83397	B	1.21100	11.656	11.120	na	0.003	348	2.963	293.128	2703	-7.044
2461288.83397	R	1.21500	10.826	9.955	na	0.003	359	2.471	297.719	3634	-7.217
2461288.83468	V	1.20700	11.097	10.373	na	0.003	365	2.657	294.163	2941	-6.929
2461288.83468	B	1.20700	11.639	11.085	na	0.003	348	2.170	293.718	2865	-6.978
2461288.83468	R	1.21200	10.800	9.957	na	0.003	364	2.606	297.759	3556	-7.247
2461288.83538	V	1.20400	11.089	10.366	na	0.003	361	2.519	294.529	3005	-6.896
2461288.83538	B	1.20400	11.646	11.071	na	0.003	344	2.656	293.060	2891	-6.954
2461288.83538	R	1.20800	10.826	9.997	na	0.003	352	1.828	298.213	3793	-7.252
2461288.83609	V	1.20200	11.113	10.389	na	0.003	366	2.496	295.472	2948	-6.933
2461288.83609	B	1.20200	11.632	11.090	na	0.003	350	2.642	294.381	2962	-7.022
2461288.83609	R	1.20500	10.829	9.983	na	0.003	350	2.631	299.041	3391	-7.266
2461288.83679	V	1.19900	11.095	10.389	na	0.003	367	2.491	294.285	3224	-6.942
2461288.83679	B	1.19900	11.601	11.024	na	0.003	340	1.854	292.921	3719	-6.886
2461288.83679	R	1.20200	10.798	9.963	na	0.003	351	2.261	296.583	4073	-7.274
2461288.83750	V	1.19600	11.093	10.397	na	0.003	369	2.852	295.878	2918	-6.959
2461288.83750	B	1.19600	11.638	11.101	na	0.003	354	2.577	294.281	2676	-7.035
2461288.83750	R	1.20000	10.801	9.977	na	0.003	363	2.124	299.012	4005	-7.264
2461288.83821	V	1.19300	11.081	10.384	na	0.003	368	2.595	295.470	3049	-6.956
2461288.83821	B	1.19300	11.610	11.110	na	0.003	359	2.740	294.420	3044	-7.045
2461288.83821	R	1.19700	10.787	9.944	na	0.003	366	2.960	298.771	3535	-7.262
2461288.83890	V	1.19000	11.059	10.377	na	0.003	368	2.342	295.571	3327	-6.941
2461288.83890	B	1.19000	11.608	11.103	na	0.003	357	2.615	294.312	3086	-7.053
2461288.83890	R	1.19400	10.812	9.999	na	0.003	358	2.896	299.263	3493	-7.288
2461288.83961	V	1.18700	11.053	10.369	na	0.003	368	2.148	294.086	3364	-6.932
2461288.83961	B	1.18700	11.596	11.102	na	0.003	360	2.948	293.321	2858	-7.073
2461288.83961	R	1.19100	10.800	9.958	na	0.003	357	3.072	297.433	3744	-7.293
2461288.84031	V	1.18500	11.056	10.381	na	0.003	373	2.537	295.785	3223	-6.974
2461288.84031	B	1.18500	11.571	11.085	na	0.003	363	2.301	294.815	3305	-7.061
2461288.84031	R	1.18800	10.780	9.960	na	0.003	364	3.268	299.831	3420	-7.289
2461288.84101	V	1.18200	11.043	10.369	na	0.003	373	2.321	295.604	3303	-6.970
2461288.84101	B	1.18200	11.593	11.111	na	0.003	362	2.788	293.874	2984	-7.098
2461288.84101	R	1.18600	10.798	9.974	na	0.003	365	2.952	299.605	3530	-7.279
2461288.84171	V	1.17900	11.030	10.369	na	0.003	376	2.532	295.157	3203	-6.988
2461288.84171	B	1.17900	11.560	11.093	na	0.003	367	2.754	294.502	2997	-7.112
2461288.84171	R	1.18300	10.781	9.979	na	0.003	364	3.400	299.384	3619	-7.294
2461288.84242	V	1.17700	11.020	10.395	na	0.003	382	2.614	293.923	3160	-7.028
2461288.84242	B	1.17700	11.546	11.129	na	0.003	373	3.136	292.677	2817	-7.169
2461288.84242	R	1.18000	10.752	9.969	na	0.003	364	3.581	296.313	3504	-7.328
2461288.84313	V	1.17400	11.002	10.384	na	0.003	385	2.721	294.267	3132	-7.040
2461288.84313	B	1.17400	11.517	11.112	na	0.003	380	2.991	293.007	3047	-7.182
2461288.84313	R	1.17800	10.727	9.973	na	0.003	369	3.794	297.791	3572	-7.353
2461288.84383	V	1.17100	10.988	10.389	na	0.003	388	2.797	295.346	3174	-7.053
2461288.84383	B	1.17100	11.512	11.111	na	0.003	385	3.091	294.419	2929	-7.204
2461288.84383	R	1.17500	10.718	9.966	na	0.003	380	3.215	299.055	3701	-7.352
2461288.84454	V	1.16900	10.959	10.374	na	0.003	391	2.729	295.688	3290	-7.064
2461288.84454	B	1.16900	11.475	11.114	na	0.003	388	2.671	294.523	3335	-7.202
2461288.84454	R	1.17200	10.701	9.969	na	0.003	383	3.689	298.567	3875	-7.377
2461288.84523	V	1.16600	10.929	10.380	na	0.003	396	2.761	295.388	3347	-7.094
2461288.84523	B	1.16600	11.444	11.115	na	0.003	397	2.860	294.426	3300	-7.256
2461288.84523	R	1.17000	10.687	9.986	na	0.003	387	2.782	298.862	3851	-7.406
2461288.84594	V	1.16400	10.884	10.377	na	0.003	404	2.608	295.400	3516	-7.139
2461288.84594	B	1.16400	11.380	11.095	na	0.003	407	3.001	295.065	3331	-7.303
2461288.84594	R	1.16700	10.647	9.972	na	0.003	380	3.542	299.417	4050	-7.453
2461288.84664	V	1.16100	10.842	10.390	na	0.003	416	3.046	294.264	3272	-7.214
2461288.84664	B	1.16100	11.358	11.148	na	0.003	418	3.367	293.271	3134	-7.393
2461288.84664	R	1.16500	10.608	9.979	na	0.003	400	3.347	298.333	3832	-7.483
2461288.84735	V	1.15900	10.795	10.399	na	0.003	428	3.005	294.387	3405	-7.282
2461288.84735	B	1.15900	11.285	11.146	na	0.003	432	3.355	293.726	3326	-7.486
2461288.84735	R	1.16200	10.553	9.989	na	0.003	388	4.062	297.396	3892	-7.558
2461288.84806	V	1.15700	10.698	10.375	na	0.002	444	2.835	295.077	3810	-7.334
2461288.84806	B	1.15700	11.175	11.109	na	0.002	456	3.152	294.079	3769	-7.531
2461288.84806	R	1.16000	10.491	9.990	na	0.003	428	3.976	298.260	4530	-7.601
2461288.84876	V	1.15400	10.617	10.385	na	0.002	460	2.788	294.021	4217	-7.410
2461288.84876	B	1.15400	11.076	11.119	na	0.002	480	3.124	292.575	4239	-7.619
2461288.84876	R	1.15800	10.410	9.957	na	0.002	454	2.110	296.985	4805	-7.659
2461288.84947	V	1.15200	10.530	10.374	na	0.002	481	2.916	295.382	4392	-7.502
2461288.84947	B	1.15200	10.993	11.117	na	0.002	507	3.148	294.095	4548	-7.726
2461288.84947	R	1.15500	10.340	9.985	na	0.002	470	2.431	298.991	5224	-7.757
2461288.85017	V	1.15000	10.467	10.387	na	0.002	499	2.691	295.356	5001	-7.582
2461288.85017	B	1.15000	10.912	11.130	na	0.002	530	3.355	294.992	4692	-7.839
2461288.85017	R	1.15300	10.277	9.967	na	0.002	496	3.184	299.152	5322	-7.794
2461288.85087	V	1.14800	10.408	10.381	na	0.002	508	2.661	295.588	5239	-7.617
2461288.85087	B	1.14800	10.839	11.115	na	0.002	545	3.101	294.591	5263	-7.874
2461288.85087	R	1.15100	10.229	9.967	na	0.002	501	3.564	298.840	5926	-7.866
2461288.85157	V	1.14500	10.384	10.380	na	0.002	519	3.038	294.317	4949	-7.663
2461288.85157	B	1.14800	10.810	11.109	na	0.002	555	3.300	293.168	5084	-7.914
2461288.85157	R	1.14800	10.201	9.959	na	0.002	513	1.963	298.440	5846	-7.854
2461288.85229	V	1.14300	10.384	10.391	na	0.002	521	2.817	295.415	5211	-7.675
2461288.85229	B	1.14600	10.800	11.122	na	0.002	560	3.143	294.606	5421	-7.928
2461288.85229	R	1.14600	10.185	9.960	na	0.002	512	3.545	298.646	5347	-7.889
2461288.85300	V	1.14100	10.381	10.392	na	0.002	519	2.704	294.158	5376	-7.668
2461288.85300	B	1.14400	10.795	11.119	na	0.002	561	3.107	293.064	5498	-7.933
2461288.85300	R	1.14400	10.186	9.970	na	0.002	516	3.185	298.142	5692	-7.882
2461288.85370	V	1.13900	10.388	10.382	na	0.002	516	3.086	295.552	4836	-7.653
2461288.85370	B	1.14100	10.814	11.105	na	0.002	550	3.282	294.976	5030	-7.894
2461288.85370	R	1.14200	10.219	9.984	na	0.002	491	4.091	298.893	5860	-7.891
2461288.85441	V	1.13700	10.404	10.382	na	0.002	513	2.869	295.352	5087	-7.640
2461288.85441	B	1.13900	10.840	11.124	na	0.002	550	3.177	294.489	5252	-7.886
2461288.85441	R	1.14000	10.223	9.981	na	0.002	504	3.934	298.931	5804	-7.869
2461288.85510	V	1.13500	10.423	10.383	na	0.002	507	2.795	295.054	4956	-7.613
2461288.85510	B	1.13700	10.857	11.122	na	0.002	542	3.084	294.147	5206	-7.855
2461288.85510	R	1.13800	10.239	9.978	na	0.002	485	4.365	298.564	6010	-7.874
2461288.85581	V	1.13300	10.440	10.386	na	0.002	503	2.986	294.557	4650	-7.595
2461288.85581	B	1.13500	10.875	11.107	na	0.002	532	3.067	293.470	5092	-7.818
2461288.85581	R	1.13600	10.253	9.968	na	0.002	496	2.023	297.489	5653	-7.825
2461288.85652	V	1.13100	10.464	10.390	na	0.002	499	2.889	294.254	4707	-7.588
2461288.85652	B	1.13300	10.908	11.136	na	0.002	535	3.227	293.129	4819	-7.834
2461288.85652	R	1.13400	10.258	9.960	na	0.002	495	1.925	297.922	5493	-7.799
2461288.85722	V	1.12900	10.472	10.373	na	0.002	494	2.906	294.542	4557	-7.555
2461288.85722	B	1.13100	10.909	11.094	na	0.002	521	2.915	293.750	5148	-7.762
2461288.85722	R	1.13200	10.284	9.980	na	0.002	485	1.829	297.852	5874	-7.801
2461288.85793	V	1.12700	10.496	10.382	na	0.002	492	2.609	294.183	4912	-7.555
2461288.85793	B	1.12900	10.948	11.128	na	0.002	523	3.136	292.861	4778	-7.793
2461288.85793	R	1.13000	10.303	9.965	na	0.002	477	3.515	297.778	5103	-7.780
2461288.85863	V	1.12500	10.518	10.386	na	0.002	487	3.004	295.533	4358	-7.533
2461288.85863	B	1.12700	10.980	11.123	na	0.002	513	3.261	294.298	4435	-7.764
2461288.85863	R	1.12800	10.319	9.977	na	0.002	472	4.013	299.777	4911	-7.771
2461288.85934	V	1.12300	10.544	10.391	na	0.002	482	3.087	295.652	4206	-7.514
2461288.85934	B	1.12500	11.013	11.131	na	0.002	506	3.215	294.718	4438	-7.735
2461288.85934	R	1.12500	10.337	9.986	na	0.002	464	4.127	297.761	5140	-7.759
2461288.86005	V	1.12100	10.569	10.385	na	0.002	475	3.257	295.591	3836	-7.481
2461288.86005	B	1.12400	11.017	11.111	na	0.002	498	3.283	294.578	4144	-7.693
2461288.86005	R	1.12400	10.351	9.971	na	0.002	465	1.975	298.958	4957	-7.735
2461288.86074	V	1.11900	10.594	10.391	na	0.002	468	2.751	293.849	4336	-7.454
2461288.86074	B	1.12200	11.058	11.119	na	0.002	489	3.097	293.063	4335	-7.664
2461288.86074	R	1.12200	10.372	9.960	na	0.002	458	3.193	297.848	4749	-7.704
2461288.86145	V	1.11800	10.623	10.388	na	0.002	463	2.897	293.912	4084	-7.434
2461288.86145	B	1.12000	11.091	11.129	na	0.002	482	3.151	293.006	4194	-7.654
2461288.86145	R	1.12000	10.404	9.968	na	0.002	448	3.896	298.166	4777	-7.687
2461288.86215	V	1.11800	10.656	10.392	na	0.002	457	3.280	293.880	3608	-7.404
2461288.86215	B	1.11800	11.117	11.113	na	0.002	476	3.238	292.917	3926	-7.609
2461288.86215	R	1.11800	10.419	9.959	na	0.002	445	1.927	298.274	4771	-7.666
2461288.86286	V	1.11600	10.681	10.388	na	0.002	450	2.923	295.609	3821	-7.368
2461288.86286	B	1.11600	11.165	11.125	na	0.002	464	3.211	294.357	3790	-7.566
2461288.86286	R	1.11600	10.470	9.973	na	0.003	420	4.243	299.784	4599	-7.648
2461288.86356	V	1.11500	10.695	10.380	na	0.002	446	2.863	295.593	3815	-7.355
2461288.86356	B	1.11500	11.185	11.101	na	0.002	453	2.565	295.014	3847	-7.505
2461288.86356	R	1.11500	10.469	9.957	na	0.002	434	1.972	299.111	4813	-7.609
2461288.86427	V	1.11300	10.730	10.389	na	0.002	441	2.639	293.880	3917	-7.328
2461288.86427	B	1.11300	11.213	11.128	na	0.002	456	3.035	292.662	3959	-7.529
2461288.86427	R	1.11300	10.487	9.959	na	0.003	430	3.353	298.146	4290	-7.601
2461288.86498	V	1.11100	10.749	10.391	na	0.002	435	2.721	294.213	3594	-7.303
2461288.86498	B	1.11100	11.237	11.109	na	0.002	441	2.816	293.143	3829	-7.471
2461288.86498	R	1.11100	10.512	9.982	na	0.003	410	4.201	297.657	4206	-7.596
2461288.86568	V	1.10900	10.785	10.404	na	0.003	432	3.118	294.119	3271	-7.303
2461288.86568	B	1.10900	11.278	11.142	na	0.002	435	3.323	293.089	3277	-7.504
2461288.86568	R	1.10900	10.536	9.985	na	0.003	389	4.298	297.680	3953	-7.582
2461288.86638	V	1.10800	10.793	10.379	na	0.003	425	3.201	294.016	3122	-7.253
2461288.86638	B	1.10800	11.305	11.109	na	0.003	425	3.083	292.955	3425	-7.396
2461288.86638	R	1.10800	10.554	9.977	na	0.003	408	1.678	297.548	4420	-7.528
2461288.86708	V	1.10600	10.822	10.391	na	0.003	422	3.347	293.958	3130	-7.233
2461288.86708	B	1.10600	11.304	11.107	na	0.003	421	3.112	292.931	3384	-7.390
2461288.86708	R	1.10600	10.574	9.974	na	0.003	412	1.693	296.660	4530	-7.496
2461288.86779	V	1.10500	10.837	10.391	na	0.003	420	3.171	295.189	3132	-7.235
2461288.86779	B	1.10500	11.349	11.115	na	0.003	418	3.278	294.170	3166	-7.389
2461288.86779	R	1.10500	10.579	9.962	na	0.003	412	1.888	299.495	4097	-7.497
2461288.86850	V	1.10300	10.851	10.387	na	0.003	417	3.062	295.028	3188	-7.217
2461288.86850	B	1.10300	11.378	11.132	na	0.003	418	3.201	294.222	3215	-7.375
2461288.86850	R	1.10300	10.606	9.981	na	0.003	398	3.931	299.188	3915	-7.495
2461288.86920	V	1.10200	10.878	10.396	na	0.003	411	3.515	294.031	2873	-7.190
2461288.86920	B	1.10200	11.379	11.105	na	0.003	410	3.191	292.757	3065	-7.329
2461288.86920	R	1.10200	10.610	9.980	na	0.003	402	1.661	298.102	4258	-7.481
2461288.86991	V	1.10000	10.896	10.395	na	0.003	409	3.034	294.093	3079	-7.181
2461288.86991	B	1.10000	11.413	11.124	na	0.003	402	3.346	293.144	2945	-7.339
2461288.86991	R	1.10000	10.632	9.975	na	0.003	383	4.320	297.427	3647	-7.476
2461288.87061	V	1.09600	10.914	10.399	na	0.003	405	3.239	293.864	2880	-7.174
2461288.87061	B	1.09900	11.434	11.117	na	0.003	398	3.317	292.514	2896	-7.321
2461288.87061	R	1.09900	10.654	9.977	na	0.003	371	4.380	297.047	3298	-7.454
2461288.87131	V	1.09700	10.942	10.407	na	0.003	401	3.706	294.007	2770	-7.158
2461288.87131	B	1.09700	11.460	11.144	na	0.003	396	3.029	293.493	3013	-7.317
2461288.87131	R	1.09700	10.651	9.957	na	0.003	380	1.706	297.181	3816	-7.428
2461288.87201	V	1.09400	10.948	10.393	na	0.003	398	3.120	293.655	2822	-7.129
2461288.87201	B	1.09600	11.475	11.134	na	0.003	391	3.006	292.528	2961	-7.286
2461288.87201	R	1.09600	10.667	9.977	na	0.003	354	4.784	296.092	3733	-7.453
2461288.87271	V	1.09200	10.959	10.408	na	0.003	397	3.863	294.009	2647	-7.139
2461288.87271	B	1.09400	11.498	11.145	na	0.003	391	3.358	293.032	2722	-7.285
2461288.87271	R	1.09400	10.668	9.959	na	0.003	390	1.731	298.269	3784	-7.375
2461288.87341	V	1.09100	10.964	10.400	na	0.003	396	3.687	295.302	2505	-7.123
2461288.87341	B	1.09300	11.496	11.116	na	0.003	387	3.264	294.285	2674	-7.256
2461288.87341	R	1.09300	10.695	9.982	na	0.003	379	1.832	298.611	3530	-7.399
2461288.87412	V	1.09000	10.987	10.413	na	0.003	394	4.109	294.845	2434	-7.118
2461288.87412	B	1.09200	11.516	11.127	na	0.003	382	3.515	294.136	2575	-7.264
2461288.87412	R	1.09200	10.698	9.970	na	0.003	381	1.786	298.976	3520	-7.384
2461288.87483	V	1.08800	10.997	10.401	na	0.003	390	3.160	293.658	2507	-7.094
2461288.87483	B	1.09000	11.529	11.120	na	0.003	381	3.361	292.703	2538	-7.227
2461288.87483	R	1.09000	10.716	9.990	na	0.003	359	4.759	297.126	3306	-7.402
2461288.87593	B	1.08800	11.556	11.156	na	0.003	374	3.736	293.271	2379	-7.259
2461288.87593	V	1.08600	11.027	10.421	na	0.003	384	4.361	294.018	2248	-7.095
2461288.87593	R	1.08800	10.732	9.994	na	0.003	334	5.072	296.986	3362	-7.401
2461288.87663	V	1.08500	11.021	10.406	na	0.003	385	4.382	294.068	2302	-7.084
2461288.87663	B	1.08700	11.569	11.146	na	0.003	371	3.697	293.101	2407	-7.237
2461288.87663	R	1.08700	10.718	9.983	na	0.003	359	1.702	297.780	3426	-7.384
2461288.87734	B	1.08600	11.556	11.137	na	0.003	364	3.676	293.165	2338	-7.231
2461288.87734	V	1.08400	11.037	10.411	na	0.003	380	4.313	294.085	2212	-7.074
2461288.87734	R	1.08600	10.733	9.993	na	0.003	327	5.153	297.705	3139	-7.396
2461288.87804	B	1.08400	11.582	11.139	na	0.003	363	3.510	294.524	2294	-7.227
2461288.87804	V	1.08300	11.040	10.411	na	0.003	379	4.342	295.205	2093	-7.077
2461288.87804	R	1.08400	10.748	9.997	na	0.003	323	5.196	299.060	3037	-7.390
2461288.87875	B	1.08300	11.576	11.141	na	0.003	367	3.701	293.928	2272	-7.234
2461288.87875	V	1.08100	11.041	10.408	na	0.003	380	4.481	294.958	2197	-7.072
2461288.87875	R	1.08300	10.736	9.976	na	0.003	350	1.682	298.232	3194	-7.358
2461288.87946	B	1.08200	11.583	11.140	na	0.003	357	3.577	293.654	2152	-7.208
2461288.87946	V	1.08000	11.048	10.411	na	0.003	378	4.343	294.169	2178	-7.063
2461288.87946	R	1.08200	10.748	9.995	na	0.003	324	5.252	296.899	2946	-7.378
2461288.88015	B	1.08100	11.593	11.142	na	0.003	362	3.702	292.729	2036	-7.208
2461288.88015	V	1.07900	11.056	10.417	na	0.003	376	4.693	293.765	1981	-7.067
2461288.88015	R	1.08100	10.758	9.994	na	0.003	311	5.376	296.223	2692	-7.375
2461288.88086	B	1.08000	11.623	11.157	na	0.003	355	4.185	293.349	2046	-7.210
2461288.88086	V	1.07800	11.058	10.420	na	0.003	374	4.948	294.108	2096	-7.067
2461288.88086	R	1.08000	10.742	9.977	na	0.003	343	1.560	297.272	3101	-7.363
2461288.88156	B	1.07900	11.610	11.139	na	0.003	353	3.664	293.183	2042	-7.182
2461288.88156	V	1.07700	11.074	10.421	na	0.003	372	4.845	293.784	2164	-7.057
2461288.88156	R	1.07900	10.778	9.983	na	0.003	353	1.532	298.595	3163	-7.319
2461288.88226	B	1.07800	11.654	11.169	na	0.003	344	4.149	293.244	1985	-7.190
2461288.88226	V	1.07600	11.082	10.420	na	0.003	374	4.839	293.919	2075	-7.047
2461288.88226	R	1.07800	10.760	9.982	na	0.003	342	1.580	298.150	3044	-7.349
2461288.88296	B	1.07700	11.627	11.155	na	0.003	346	4.274	292.970	1979	-7.197
2461288.88296	V	1.07500	11.073	10.411	na	0.003	372	5.082	293.686	2064	-7.047
2461288.88296	R	1.07700	10.769	9.978	na	0.003	344	1.570	297.268	3051	-7.339
2461288.88367	B	1.07600	11.645	11.169	na	0.003	341	5.223	293.460	1676	-7.201
2461288.88367	V	1.07400	11.071	10.405	na	0.003	374	1.954	294.005	1999	-7.019
2461288.88367	R	1.07600	10.749	9.972	na	0.003	338	1.577	297.380	2789	-7.348
2461288.88438	B	1.07500	11.647	11.149	na	0.003	346	4.896	293.439	1679	-7.179
2461288.88438	V	1.07300	11.082	10.412	na	0.003	369	5.095	294.333	1829	-7.037
2461288.88438	R	1.07500	10.784	10.002	na	0.004	303	6.087	297.419	2558	-7.366
2461288.88508	V	1.07200	11.086	10.413	na	0.003	368	5.247	293.794	2028	-7.036
2461288.88508	B	1.07400	11.649	11.157	na	0.003	342	4.993	292.832	1689	-7.179
2461288.88508	R	1.07400	10.786	9.982	na	0.003	338	1.540	297.749	2985	-7.320
2461288.88578	V	1.07100	11.097	10.418	na	0.003	367	4.914	293.963	1806	-7.027
2461288.88578	B	1.07300	11.634	11.145	na	0.003	346	3.994	293.139	1782	-7.171
2461288.88578	R	1.07300	10.783	9.979	na	0.003	337	1.728	297.535	2458	-7.314
2461288.88648	V	1.07000	11.100	10.421	na	0.003	366	5.227	293.731	1971	-7.029
2461288.88648	B	1.07200	11.639	11.133	na	0.003	346	4.701	292.667	1744	-7.162
2461288.88648	R	1.07200	10.780	9.976	na	0.003	341	1.525	298.375	2850	-7.322
2461288.88719	V	1.06900	11.092	10.390	na	0.003	369	1.888	294.175	1922	-6.985
2461288.88719	B	1.07100	11.661	11.145	na	0.003	341	4.612	293.511	1679	-7.148
2461288.88719	R	1.07100	10.785	9.980	na	0.003	340	1.587	298.459	2552	-7.323
2461288.88791	V	1.06800	11.100	10.413	na	0.003	365	5.587	293.884	2059	-7.024
2461288.88791	B	1.07000	11.657	11.151	na	0.003	342	5.046	293.397	1749	-7.172
2461288.88791	R	1.07000	10.795	9.975	na	0.003	337	1.578	298.180	2681	-7.314
2461288.88861	V	1.06700	11.112	10.419	na	0.003	364	5.244	293.979	1745	-7.014
2461288.88861	B	1.06900	11.661	11.139	na	0.003	340	4.616	292.650	1633	-7.148
2461288.88861	R	1.06900	10.811	9.998	na	0.004	281	6.148	298.130	2422	-7.333
2461288.88931	V	1.06700	11.108	10.405	na	0.003	364	5.282	294.043	1809	-7.014
2461288.88931	B	1.06800	11.662	11.150	na	0.003	339	4.651	293.232	1625	-7.168
2461288.88931	R	1.06800	10.788	9.961	na	0.003	339	1.630	296.816	2517	-7.299
2461288.89001	V	1.06600	11.115	10.423	na	0.003	363	5.633	293.759	1831	-7.013
2461288.89001	B	1.06700	11.672	11.162	na	0.003	339	4.432	293.104	1663	-7.153
2461288.89001	R	1.06700	10.808	9.981	na	0.003	333	1.607	297.436	2603	-7.291
2461288.89071	V	1.06500	11.106	10.415	na	0.003	365	4.942	293.871	1872	-7.015
2461288.89071	B	1.06600	11.659	11.141	na	0.003	349	3.775	292.768	1793	-7.138
2461288.89071	R	1.06600	10.800	9.979	na	0.003	344	1.603	297.420	2693	-7.295
2461288.89141	V	1.06400	11.099	10.383	na	0.003	366	1.928	293.965	1922	-6.959
2461288.89141	B	1.06600	11.663	11.143	na	0.003	344	4.256	292.524	1717	-7.140
2461288.89141	R	1.06600	10.802	9.965	na	0.003	343	1.604	297.753	2602	-7.285
2461288.89211	V	1.06300	11.117	10.412	na	0.003	365	5.140	294.179	1896	-7.009
2461288.89211	B	1.06500	11.675	11.161	na	0.003	340	4.533	293.193	1809	-7.155
2461288.89211	R	1.06500	10.816	9.987	na	0.004	300	6.035	297.360	2637	-7.326
2461288.89281	V	1.06300	11.117	10.419	na	0.003	365	5.317	293.735	1937	-7.005
2461288.89281	B	1.06400	11.682	11.158	na	0.003	336	4.848	293.932	1703	-7.145
2461288.89281	R	1.06400	10.804	9.974	na	0.003	336	1.632	297.561	2722	-7.287
2461288.89352	V	1.06200	11.117	10.404	na	0.003	367	3.214	293.719	1912	-6.983
2461288.89352	B	1.06300	11.676	11.135	na	0.003	346	3.999	293.201	1790	-7.109
2461288.89352	R	1.06300	10.808	9.981	na	0.003	332	1.614	297.225	2526	-7.294
2461288.89422	V	1.06100	11.124	10.413	na	0.003	365	5.075	293.869	1987	-6.997
2461288.89422	B	1.06300	11.672	11.149	na	0.003	342	4.375	293.051	1875	-7.131
2461288.89422	R	1.06300	10.817	9.963	na	0.003	344	1.601	297.086	2765	-7.261
2461288.89493	V	1.06100	11.114	10.404	na	0.003	366	4.278	294.196	2045	-6.996
2461288.89493	B	1.06200	11.656	11.127	na	0.003	348	3.995	293.550	1840	-7.109
2461288.89493	R	1.06200	10.814	9.981	na	0.003	349	1.559	298.027	2795	-7.280
2461288.89564	V	1.06000	11.126	10.421	na	0.003	363	5.046	293.693	2014	-6.999
2461288.89564	B	1.06100	11.677	11.149	na	0.003	344	4.719	293.224	1762	-7.143
2461288.89564	R	1.06100	10.826	9.978	na	0.003	339	1.562	298.286	2875	-7.269
2461288.89634	V	1.05900	11.117	10.417	na	0.003	366	5.279	293.667	2049	-7.011
2461288.89634	B	1.06100	11.668	11.148	na	0.003	348	4.333	293.068	1750	-7.133
2461288.89634	R	1.06100	10.817	9.977	na	0.003	344	1.539	297.872	2851	-7.279
2461288.89704	V	1.05900	11.119	10.419	na	0.003	365	5.234	294.162	1971	-7.009
2461288.89704	B	1.06000	11.673	11.161	na	0.003	345	4.249	292.958	1739	-7.148
2461288.89704	R	1.06000	10.810	9.985	na	0.003	340	1.605	297.491	2795	-7.291
2461288.89774	V	1.05800	11.114	10.416	na	0.003	369	4.508	293.884	2123	-7.006
2461288.89774	B	1.06000	11.659	11.145	na	0.003	347	4.371	292.741	1763	-7.131
2461288.89774	R	1.05800	10.798	9.961	na	0.003	352	1.455	297.396	2970	-7.283
2461288.89845	V	1.05800	11.111	10.413	na	0.003	368	4.704	294.160	2128	-7.009
2461288.89845	B	1.05900	11.658	11.155	na	0.003	347	4.543	293.114	1803	-7.157
2461288.89845	R	1.05800	10.808	9.976	na	0.003	347	1.448	297.359	2966	-7.279
2461288.89916	V	1.05700	11.096	10.414	na	0.003	368	5.012	293.992	2089	-7.024
2461288.89916	B	1.05800	11.657	11.163	na	0.003	347	4.164	293.279	1814	-7.171
2461288.89916	R	1.05700	10.789	9.935	na	0.003	357	1.529	297.810	3024	-7.240
2461288.89986	V	1.05700	11.097	10.414	na	0.003	369	5.276	294.105	2231	-7.031
2461288.89986	B	1.05800	11.638	11.128	na	0.003	350	3.966	292.781	1923	-7.159
2461288.89986	R	1.05700	10.804	9.978	na	0.003	352	1.470	296.204	3120	-7.295
2461288.90057	V	1.05600	11.078	10.390	na	0.003	372	1.883	294.117	2166	-6.989
2461288.90057	B	1.05700	11.636	11.160	na	0.003	352	3.880	293.338	1914	-7.183
2461288.90057	R	1.05600	10.783	9.946	na	0.003	356	1.507	297.527	3000	-7.250
2461288.90127	V	1.05600	11.083	10.411	na	0.003	372	5.269	293.844	2143	-7.043
2461288.90127	B	1.05700	11.623	11.142	na	0.003	357	3.946	293.104	1961	-7.181
2461288.90127	R	1.05600	10.785	9.972	na	0.003	355	1.571	298.061	2996	-7.308
2461288.90198	V	1.05500	11.076	10.424	na	0.003	374	5.213	293.729	2133	-7.053
2461288.90198	B	1.05600	11.608	11.153	na	0.003	358	3.884	292.686	1936	-7.212
2461288.90198	R	1.05500	10.769	9.955	na	0.003	358	1.542	296.924	2945	-7.279
2461288.90269	V	1.05500	11.059	10.415	na	0.003	376	4.509	294.318	2420	-7.063
2461288.90269	B	1.05600	11.614	11.168	na	0.003	357	4.354	293.660	2027	-7.213
2461288.90269	R	1.05500	10.770	9.978	na	0.003	359	1.409	298.010	3394	-7.315
2461288.90338	V	1.05400	11.049	10.419	na	0.003	380	4.855	293.759	2184	-7.075
2461288.90338	B	1.05600	11.570	11.129	na	0.003	372	3.947	293.388	2012	-7.208
2461288.90338	R	1.05400	10.752	9.970	na	0.003	370	1.569	297.224	3225	-7.302
2461288.90409	V	1.05400	11.032	10.410	na	0.003	382	5.210	293.981	2352	-7.096
2461288.90409	B	1.05500	11.545	11.124	na	0.003	373	4.219	292.715	2019	-7.228
2461288.90409	R	1.05400	10.753	9.965	na	0.003	366	1.545	297.877	3185	-7.303
2461288.90479	V	1.05400	11.012	10.420	na	0.003	387	5.101	293.806	2360	-7.115
2461288.90479	B	1.05500	11.528	11.141	na	0.003	377	4.202	292.655	2062	-7.267
2461288.90479	R	1.05400	10.724	9.973	na	0.003	372	1.528	296.971	3227	-7.344
2461288.90550	V	1.05300	10.981	10.413	na	0.003	394	4.831	293.833	2396	-7.140
2461288.90550	B	1.05400	11.496	11.130	na	0.003	381	3.804	293.364	2180	-7.297
2461288.90550	R	1.05300	10.693	9.954	na	0.003	385	1.567	297.570	3445	-7.349
2461288.90620	V	1.05300	10.953	10.415	na	0.003	399	4.782	293.991	2476	-7.169
2461288.90620	B	1.05400	11.463	11.139	na	0.003	391	3.859	293.462	2239	-7.339
2461288.90620	R	1.05300	10.658	9.945	na	0.003	393	1.599	296.647	3496	-7.381
2461288.90691	V	1.05300	10.913	10.416	na	0.003	407	4.725	293.816	2327	-7.209
2461288.90691	B	1.05400	11.413	11.132	na	0.003	404	3.526	292.873	2479	-7.358
2461288.90691	R	1.05300	10.642	9.963	na	0.003	391	1.653	297.250	3383	-7.421
2461288.90762	V	1.05200	10.866	10.406	na	0.003	417	4.446	292.898	2720	-7.237
2461288.90762	B	1.05300	11.364	11.142	na	0.003	416	4.040	292.342	2485	-7.446
2461288.90762	R	1.05200	10.596	9.970	na	0.003	397	1.453	297.586	3930	-7.492
2461288.90832	V	1.05200	10.810	10.414	na	0.003	428	4.816	293.962	2784	-7.310
2461288.90832	B	1.05300	11.286	11.116	na	0.003	433	3.803	292.671	2636	-7.461
2461288.90832	R	1.05200	10.561	9.965	na	0.003	412	1.589	297.687	3783	-7.496
2461288.90903	V	1.05200	10.734	10.412	na	0.002	445	5.032	293.633	3060	-7.391
2461288.90903	B	1.05300	11.205	11.138	na	0.002	455	3.657	292.825	2912	-7.590
2461288.90903	R	1.05200	10.477	9.943	na	0.002	436	1.538	297.391	4216	-7.555
2461288.90973	V	1.05200	10.653	10.412	na	0.002	463	4.808	293.952	3206	-7.463
2461288.90973	B	1.05300	11.103	11.120	na	0.002	476	3.712	292.867	3094	-7.656
2461288.90973	R	1.05200	10.409	9.960	na	0.002	449	1.589	296.973	4313	-7.659
2461288.91043	V	1.05100	10.562	10.411	na	0.002	484	4.761	293.857	3307	-7.557
2461288.91043	B	1.05200	11.015	11.148	na	0.002	506	3.744	293.441	3291	-7.782
2461288.91043	R	1.05100	10.358	9.980	na	0.002	453	1.595	297.559	4679	-7.748
2461288.91113	V	1.05100	10.501	10.420	na	0.002	499	4.829	293.774	3491	-7.630
2461288.91113	B	1.05200	10.928	11.143	na	0.002	527	3.654	293.129	3569	-7.874
2461288.91113	R	1.05100	10.282	9.969	na	0.002	476	1.585	296.599	4811	-7.814
2461288.91184	V	1.05100	10.448	10.412	na	0.002	513	4.206	294.194	3582	-7.662
2461288.91184	B	1.05200	10.875	11.150	na	0.002	546	3.945	293.076	3772	-7.934
2461288.91184	R	1.05100	10.244	10.000	na	0.002	468	4.550	297.582	4653	-7.888
2461288.91255	V	1.05100	10.419	10.409	na	0.002	519	4.304	293.831	3538	-7.702
2461288.91255	B	1.05200	10.841	11.145	na	0.002	553	3.712	293.255	3897	-7.968
2461288.91255	R	1.05100	10.221	9.980	na	0.002	487	1.689	296.544	4513	-7.884
2461288.91325	V	1.05100	10.415	10.416	na	0.002	521	4.866	294.083	3665	-7.713
2461288.91325	B	1.05200	10.828	11.144	na	0.002	556	3.972	293.207	3829	-7.975
2461288.91325	R	1.05100	10.211	9.975	na	0.002	500	1.676	298.225	4701	-7.876
2461288.91396	V	1.05100	10.403	10.417	na	0.002	523	4.837	293.998	3631	-7.723
2461288.91396	B	1.05200	10.838	11.158	na	0.002	557	3.865	292.732	3843	-7.992
2461288.91396	R	1.05100	10.210	9.981	na	0.002	500	1.711	297.530	4580	-7.870
2461288.91468	V	1.05200	10.417	10.414	na	0.002	519	4.839	294.165	3594	-7.706
2461288.91468	B	1.05200	10.834	11.143	na	0.002	550	3.795	292.936	3891	-7.968
2461288.91468	R	1.05200	10.214	9.973	na	0.002	491	1.667	297.082	4639	-7.880
2461288.92341	V	1.05200	10.675	10.429	na	0.002	453	4.709	286.803	2294	-7.421
2461288.92341	B	1.05200	11.155	11.168	na	0.002	461	5.257	285.847	2149	-7.646
2461288.92341	R	1.05200	10.427	10.003	na	0.003	400	4.905	289.929	3080	-7.675
2461288.92412	V	1.05200	10.699	10.426	na	0.002	446	5.332	286.161	2381	-7.399
2461288.92412	B	1.05200	11.174	11.145	na	0.002	449	4.760	285.181	2098	-7.598
2461288.92412	R	1.05200	10.446	10.011	na	0.003	394	5.373	290.645	3198	-7.656
2461288.92483	V	1.05200	10.727	10.429	na	0.002	446	4.480	295.985	2176	-7.397
2461288.92483	B	1.05200	11.222	11.163	na	0.002	444	5.021	295.201	2103	-7.618
2461288.92483	R	1.05200	10.497	10.009	na	0.003	392	4.460	300.161	2925	-7.640
2461288.92581	V	1.05300	10.769	10.429	na	0.002	437	4.783	294.773	2134	-7.358
2461288.92581	B	1.05300	11.260	11.177	na	0.002	435	5.130	293.752	1961	-7.582
2461288.92581	R	1.05300	10.506	10.003	na	0.003	388	4.168	299.641	2769	-7.621
2461288.92679	V	1.05300	10.794	10.421	na	0.003	427	3.675	285.003	2570	-7.282
2461288.92679	B	1.05300	11.295	11.147	na	0.003	430	3.868	284.131	2382	-7.452
2461288.92679	R	1.05300	10.521	9.992	na	0.003	395	3.554	288.964	3292	-7.555
2461288.92750	V	1.05300	10.821	10.431	na	0.003	423	3.544	285.115	2571	-7.261
2461288.92750	B	1.05300	11.304	11.126	na	0.003	425	3.704	284.055	2451	-7.408
2461288.92750	R	1.05300	10.548	9.993	na	0.003	401	1.832	288.048	3320	-7.512
2461288.92821	V	1.05400	10.829	10.417	na	0.003	419	3.550	285.716	2598	-7.240
2461288.92821	B	1.05400	11.326	11.123	na	0.003	417	3.596	284.083	2421	-7.380
2461288.92821	R	1.05400	10.565	9.991	na	0.003	399	2.887	289.061	3514	-7.505
2461288.92891	V	1.05400	10.849	10.408	na	0.003	414	3.374	285.126	2452	-7.214
2461288.92891	B	1.05400	11.346	11.120	na	0.003	411	3.664	284.262	2368	-7.362
2461288.92891	R	1.05400	10.586	9.992	na	0.003	393	1.765	288.360	3417	-7.473
2461288.92962	V	1.05400	10.875	10.420	na	0.003	410	3.815	285.414	2300	-7.202
2461288.92962	B	1.05400	11.380	11.143	na	0.003	404	4.090	283.939	2109	-7.362
2461288.92962	R	1.05400	10.596	9.998	na	0.003	385	3.314	289.074	3067	-7.481
2461288.93032	V	1.05500	10.883	10.408	na	0.003	406	3.484	285.161	2358	-7.182
2461288.93032	B	1.05500	11.397	11.127	na	0.003	404	3.779	284.132	2269	-7.338
2461288.93032	R	1.05500	10.619	9.990	na	0.003	380	3.271	289.481	3113	-7.459
2461288.93115	V	1.05500	10.907	10.407	na	0.003	403	2.935	285.402	3024	-7.139
2461288.93115	B	1.05500	11.424	11.129	na	0.003	401	3.236	284.270	2859	-7.287
2461288.93115	R	1.05500	10.646	9.996	na	0.003	392	2.549	288.893	4125	-7.410
2461288.93185	V	1.05600	10.920	10.400	na	0.003	400	2.860	285.181	2986	-7.119
2461288.93185	B	1.05600	11.436	11.120	na	0.003	397	3.170	283.755	2833	-7.255
2461288.93185	R	1.05600	10.651	9.987	na	0.003	391	2.023	289.098	4079	-7.411
2461288.93256	V	1.05600	10.923	10.402	na	0.003	401	3.042	284.910	3007	-7.132
2461288.93256	B	1.05600	11.458	11.099	na	0.003	385	3.102	284.123	2779	-7.199
2461288.93256	R	1.05600	10.637	9.978	na	0.003	385	2.712	287.992	3985	-7.421
2461288.93326	V	1.05600	10.956	10.412	na	0.003	394	2.828	285.128	2874	-7.098
2461288.93326	B	1.05600	11.487	11.107	na	0.003	383	3.061	283.951	2731	-7.187
2461288.93326	R	1.05600	10.663	9.982	na	0.003	389	2.150	288.763	3886	-7.385
2461288.93397	V	1.05700	10.974	10.415	na	0.003	392	3.143	284.985	2831	-7.088
2461288.93397	B	1.05700	11.488	11.128	na	0.003	388	3.245	283.746	2653	-7.209
2461288.93397	R	1.05700	10.670	9.997	na	0.003	381	2.890	288.176	4027	-7.397
2461288.93466	V	1.05700	10.975	10.388	na	0.003	387	2.550	285.343	3241	-7.047
2461288.93466	B	1.05700	11.511	11.103	na	0.003	380	2.891	284.932	2984	-7.145
2461288.93466	R	1.05700	10.683	9.977	na	0.003	377	2.421	289.499	4125	-7.373
2461288.93537	V	1.05800	10.978	10.404	na	0.003	389	2.583	285.040	3126	-7.061
2461288.93537	B	1.05800	11.510	11.106	na	0.003	378	2.934	283.769	2905	-7.149
2461288.93537	R	1.05800	10.689	9.983	na	0.003	378	2.362	288.495	4043	-7.368
2461288.93608	V	1.05800	10.995	10.399	na	0.003	383	2.782	285.023	3038	-7.033
2461288.93608	B	1.05800	11.537	11.131	na	0.003	374	3.027	283.851	2869	-7.154
2461288.93608	R	1.05800	10.700	9.994	na	0.003	380	2.698	289.212	4265	-7.366
2461288.93678	V	1.05900	11.003	10.408	na	0.003	386	3.162	285.281	2818	-7.050
2461288.93678	B	1.05900	11.532	11.093	na	0.003	372	3.100	283.891	2713	-7.097
2461288.93678	R	1.05900	10.703	9.982	na	0.003	373	2.738	288.505	3981	-7.355
2461288.93749	V	1.06000	11.011	10.408	na	0.003	384	3.127	285.110	2716	-7.040
2461288.93749	B	1.06000	11.544	11.116	na	0.003	374	3.354	284.314	2561	-7.148
2461288.93749	R	1.06000	10.715	9.990	na	0.003	376	2.616	288.404	4042	-7.348
2461288.93819	V	1.06000	11.017	10.411	na	0.003	382	3.047	285.384	2784	-7.036
2461288.93819	B	1.06000	11.553	11.104	na	0.003	368	2.971	283.820	2688	-7.107
2461288.93819	R	1.06000	10.714	9.997	na	0.003	366	3.021	288.640	3546	-7.347
2461288.93889	V	1.06100	11.030	10.400	na	0.003	378	2.712	285.449	2934	-7.006
2461288.93889	B	1.06100	11.570	11.098	na	0.003	365	2.912	284.418	2788	-7.084
2461288.93889	R	1.06100	10.726	9.989	na	0.003	370	2.655	289.207	3794	-7.336
2461288.93959	V	1.06100	11.037	10.415	na	0.003	380	2.942	285.320	2905	-7.019
2461288.93959	B	1.06100	11.579	11.122	na	0.003	367	2.866	284.746	2828	-7.093
2461288.93959	R	1.06100	10.723	9.986	na	0.003	369	2.905	289.289	3695	-7.336
2461288.94030	V	1.06200	11.039	10.395	na	0.003	376	2.512	285.566	3148	-6.988
2461288.94030	B	1.06200	11.572	11.098	na	0.003	363	2.744	284.662	2953	-7.068
2461288.94030	R	1.06200	10.748	9.992	na	0.003	373	2.186	289.996	3976	-7.306
2461288.94101	V	1.06300	11.036	10.403	na	0.003	377	2.587	285.515	3090	-6.989
2461288.94101	B	1.06300	11.589	11.116	na	0.003	365	2.876	284.563	2858	-7.089
2461288.94101	R	1.06300	10.749	9.989	na	0.003	371	1.970	288.751	4080	-7.302
2461288.94171	V	1.06400	11.054	10.414	na	0.003	376	3.034	285.838	2824	-7.001
2461288.94171	B	1.06400	11.596	11.096	na	0.003	362	3.132	285.051	2657	-7.062
2461288.94171	R	1.06400	10.756	9.994	na	0.003	364	2.587	289.865	4052	-7.302
2461288.94241	V	1.06400	11.054	10.412	na	0.003	376	2.939	285.713	2900	-7.000
2461288.94241	B	1.06400	11.588	11.098	na	0.003	363	2.977	284.921	2690	-7.047
2461288.94241	R	1.06400	10.758	9.998	na	0.003	364	2.637	289.249	3832	-7.308
2461288.94311	B	1.06500	11.600	11.095	na	0.003	361	2.755	285.191	2852	-7.038
2461288.94311	V	1.06400	11.056	10.406	na	0.003	375	2.749	286.036	3119	-6.989
2461288.94311	R	1.06500	10.742	9.968	na	0.003	369	2.063	289.849	4046	-7.299
2461288.94382	V	1.06600	11.065	10.415	na	0.003	373	3.026	286.004	2756	-6.992
2461288.94382	B	1.06600	11.622	11.113	na	0.003	359	3.040	285.348	2558	-7.058
2461288.94382	R	1.06600	10.767	9.992	na	0.003	358	2.900	289.896	3598	-7.293
2461288.94451	V	1.06700	11.063	10.405	na	0.003	374	2.904	286.241	2884	-6.991
2461288.94451	B	1.06700	11.626	11.099	na	0.003	355	2.800	285.062	2764	-7.028
2461288.94451	R	1.06700	10.768	9.992	na	0.003	359	2.699	290.033	3648	-7.307
2461288.94523	B	1.06700	11.631	11.116	na	0.003	355	2.859	284.807	2650	-7.034
2461288.94523	V	1.06700	11.067	10.404	na	0.003	371	2.613	285.733	2913	-6.959
2461288.94523	R	1.06700	10.743	9.982	na	0.003	367	2.231	288.280	3745	-7.302
2461288.94594	B	1.06800	11.622	11.105	na	0.003	353	2.890	285.754	2602	-7.030
2461288.94594	V	1.06800	11.081	10.410	na	0.003	366	2.904	285.783	2767	-6.971
2461288.94594	R	1.06800	10.772	9.991	na	0.003	348	2.938	289.463	3502	-7.293
2461288.94663	B	1.06900	11.647	11.127	na	0.003	358	3.354	284.554	2386	-7.063
2461288.94663	V	1.06900	11.078	10.395	na	0.003	366	2.997	285.641	2698	-6.933
2461288.94663	R	1.06900	10.781	9.995	na	0.003	363	2.682	289.097	3684	-7.277
2461288.94734	B	1.07000	11.645	11.113	na	0.003	355	3.185	285.535	2601	-7.043
2461288.94734	V	1.06900	11.086	10.398	na	0.003	368	2.833	285.813	2959	-6.950
2461288.94734	R	1.07000	10.787	9.992	na	0.003	360	2.486	289.805	4145	-7.256
2461288.94806	B	1.07100	11.647	11.122	na	0.003	354	2.740	285.475	2898	-7.044
2461288.94806	V	1.07000	11.085	10.408	na	0.003	368	2.893	285.951	2892	-6.959
2461288.94806	R	1.07100	10.771	9.985	na	0.003	358	2.595	289.921	4116	-7.276
2461288.94876	B	1.07200	11.658	11.132	na	0.003	352	3.222	285.827	2540	-7.042
2461288.94876	V	1.07100	11.090	10.405	na	0.003	367	2.752	286.281	2982	-6.936
2461288.94876	R	1.07100	10.798	10.005	na	0.003	357	2.836	290.881	3762	-7.261
2461288.94947	B	1.07300	11.643	11.100	na	0.003	354	2.676	285.714	2976	-7.019
2461288.94947	V	1.07200	11.089	10.389	na	0.003	365	2.868	286.287	2984	-6.924
2461288.94947	R	1.07300	10.795	9.973	na	0.003	354	2.604	289.679	4149	-7.250
2461288.95016	B	1.07400	11.663	11.114	na	0.003	349	2.713	285.770	2784	-7.002
2461288.95016	V	1.07300	11.099	10.392	na	0.003	362	2.907	286.210	2814	-6.910
2461288.95016	R	1.07400	10.804	9.996	na	0.003	356	2.806	290.456	3796	-7.252
2461288.95087	B	1.07500	11.656	11.100	na	0.003	350	3.060	284.970	2745	-7.016
2461288.95087	V	1.07400	11.097	10.399	na	0.003	365	2.705	286.050	3086	-6.932
2461288.95087	R	1.07500	10.782	9.975	na	0.003	362	2.752	290.008	3918	-7.259
2461288.95157	B	1.07600	11.670	11.121	na	0.003	352	3.056	286.077	2773	-7.025
2461288.95157	V	1.07500	11.104	10.384	na	0.003	361	2.701	286.474	3115	-6.896
2461288.95157	R	1.07600	10.815	9.988	na	0.003	360	2.615	291.217	4134	-7.233
2461288.95228	B	1.07700	11.655	11.095	na	0.003	351	2.834	285.386	3022	-6.997
2461288.95228	V	1.07600	11.098	10.387	na	0.003	363	2.580	286.393	3299	-6.923
2461288.95228	R	1.07700	10.811	9.981	na	0.003	358	2.284	289.910	4531	-7.228
2461288.95297	B	1.07800	11.658	11.092	na	0.003	348	2.668	285.723	2974	-6.974
2461288.95297	V	1.07700	11.094	10.382	na	0.003	361	2.790	286.668	3094	-6.905
2461288.95297	R	1.07800	10.794	9.971	na	0.003	362	2.542	291.216	4171	-7.238
2461288.95367	B	1.07900	11.648	11.089	na	0.003	351	2.771	286.588	3199	-6.990
2461288.95367	V	1.07800	11.094	10.382	na	0.003	364	2.391	286.978	3649	-6.911
2461288.95367	R	1.07900	10.796	9.992	na	0.003	361	2.236	289.626	4784	-7.253
