JD	Filter	Airmass	YZ Boo	111	108	Err	SNR	FWHM	Skyglow	Max ADU	I.M.
2461266.76317	V	1.17300	10.555	11.034	na	0.002	620	4.303	506.749	4720	-8.130
2461266.76317	R	1.17300	10.305	10.618	na	0.002	536	4.099	513.598	5900	-8.404
2461266.76317	B	1.17300	11.001	11.732	na	0.002	589	4.925	505.925	4569	-8.317
2461266.76388	V	1.17500	10.581	11.044	na	0.002	615	4.451	507.314	4396	-8.118
2461266.76388	R	1.17500	10.325	10.626	na	0.002	523	4.202	513.786	5478	-8.394
2461266.76388	B	1.17500	11.025	11.751	na	0.002	567	4.941	507.159	4378	-8.303
2461266.76458	V	1.17800	10.574	11.042	na	0.002	610	4.734	507.242	4075	-8.118
2461266.76458	B	1.17800	11.026	11.745	na	0.002	560	5.447	505.152	3912	-8.305
2461266.76529	V	1.18000	10.580	11.039	na	0.002	612	4.124	507.299	4734	-8.109
2461266.76529	R	1.18000	10.329	10.620	na	0.002	524	4.165	515.543	5639	-8.387
2461266.76529	B	1.18000	11.023	11.738	na	0.002	574	4.768	505.178	4539	-8.294
2461266.76600	V	1.18300	10.594	11.041	na	0.002	609	3.856	506.634	5128	-8.088
2461266.76600	R	1.18300	10.338	10.627	na	0.002	530	3.726	514.313	6367	-8.360
2461266.76600	B	1.18300	11.037	11.748	na	0.002	581	4.450	505.444	4923	-8.272
2461266.76670	V	1.18500	10.590	11.032	na	0.002	610	3.730	507.901	5535	-8.078
2461266.76670	R	1.18500	10.334	10.611	na	0.002	548	3.387	516.194	7359	-8.370
2461266.76670	B	1.18500	11.035	11.746	na	0.002	585	4.288	505.990	5243	-8.273
2461266.76740	V	1.18800	10.597	11.034	na	0.002	608	3.410	506.974	6028	-8.056
2461266.76740	R	1.18800	10.342	10.617	na	0.002	551	3.397	514.657	7660	-8.358
2461266.76740	B	1.18800	11.045	11.741	na	0.002	584	3.878	507.112	5658	-8.243
2461266.76810	V	1.19000	10.598	11.038	na	0.002	611	3.398	508.678	6222	-8.065
2461266.76810	R	1.19000	10.351	10.613	na	0.002	582	3.099	516.444	8015	-8.317
2461266.76810	B	1.19000	11.053	11.733	na	0.002	591	3.823	506.997	5825	-8.241
2461266.76881	V	1.19300	10.603	11.042	na	0.002	604	3.573	507.090	5472	-8.060
2461266.76881	R	1.19300	10.348	10.625	na	0.002	532	3.399	514.659	7238	-8.351
2461266.76881	B	1.19300	11.069	11.753	na	0.002	572	4.012	505.371	5162	-8.232
2461266.76951	V	1.19500	10.612	11.044	na	0.002	602	3.949	507.030	4830	-8.064
2461266.76951	R	1.19500	10.343	10.621	na	0.002	518	3.772	515.203	6094	-8.351
2461266.76951	B	1.19500	11.059	11.744	na	0.002	565	4.690	505.218	4536	-8.245
2461266.77022	V	1.19800	10.622	11.043	na	0.002	598	3.894	507.569	4885	-8.050
2461266.77022	R	1.19800	10.363	10.630	na	0.002	535	3.720	515.668	6135	-8.337
2461266.77022	B	1.19800	11.082	11.748	na	0.002	565	4.642	503.569	4519	-8.232
2461266.77093	V	1.20000	10.621	11.045	na	0.002	599	3.844	507.927	4841	-8.058
2461266.77093	R	1.20000	10.362	10.628	na	0.002	519	3.821	517.675	6028	-8.345
2461266.77093	B	1.20000	11.068	11.737	na	0.002	558	4.361	505.499	4701	-8.234
2461266.77163	V	1.20300	10.621	11.030	na	0.002	594	4.033	506.638	4529	-8.046
2461266.77163	R	1.20300	10.362	10.616	na	0.002	510	3.931	515.733	5500	-8.339
2461266.77163	B	1.20300	11.081	11.717	na	0.002	551	4.684	504.732	4310	-8.213
2461266.77234	V	1.20600	10.622	11.039	na	0.002	599	3.702	507.665	5267	-8.042
2461266.77234	R	1.20600	10.357	10.611	na	0.002	525	3.671	518.269	6616	-8.336
2461266.77234	B	1.20600	11.064	11.724	na	0.002	565	4.296	505.453	4960	-8.221
2461266.77300	V	1.20800	10.630	11.036	na	0.002	597	3.662	507.508	5406	-8.027
2461266.77300	R	1.20800	10.384	10.625	na	0.002	538	3.599	515.675	6869	-8.314
2461266.77300	B	1.20800	11.087	11.734	na	0.002	567	4.223	504.458	5083	-8.206
2461266.77373	V	1.21100	10.635	11.027	na	0.002	594	3.628	508.424	5251	-8.037
2461266.77373	R	1.21100	10.371	10.605	na	0.002	523	3.858	518.585	6440	-8.330
2461266.77373	B	1.21100	11.101	11.732	na	0.002	558	3.937	505.649	5119	-8.189
2461266.77443	V	1.21400	10.636	11.038	na	0.002	591	3.906	508.102	4757	-8.030
2461266.77443	R	1.21400	10.360	10.614	na	0.002	517	3.705	517.817	6086	-8.327
2461266.77443	B	1.21400	11.102	11.748	na	0.002	552	4.588	505.743	4492	-8.205
2461266.77514	V	1.21700	10.646	11.036	na	0.002	592	3.989	508.173	4551	-8.041
2461266.77514	R	1.21700	10.387	10.617	na	0.002	504	4.359	516.341	5470	-8.327
2461266.77514	B	1.21700	11.106	11.738	na	0.002	563	4.443	507.452	4458	-8.205
2461266.77584	V	1.22000	10.641	11.028	na	0.002	591	4.410	507.236	4243	-8.037
2461266.77584	R	1.22000	10.376	10.612	na	0.002	506	3.966	516.338	5568	-8.323
2461266.77584	B	1.22000	11.085	11.725	na	0.002	545	4.973	506.149	4118	-8.214
2461266.77655	V	1.22300	10.651	11.043	na	0.002	593	3.663	508.047	5200	-8.015
2461266.77655	R	1.22300	10.386	10.612	na	0.002	529	3.741	516.624	6403	-8.315
2461266.77655	B	1.22300	11.116	11.758	na	0.002	560	4.250	505.816	4859	-8.183
2461266.77726	V	1.22500	10.655	11.040	na	0.002	592	3.678	507.551	5144	-8.018
2461266.77726	R	1.22500	10.389	10.619	na	0.002	516	3.575	517.023	6402	-8.315
2461266.77726	B	1.22500	11.117	11.742	na	0.002	553	4.253	506.740	4742	-8.179
2461266.77796	V	1.22800	10.662	11.042	na	0.002	584	4.397	508.391	4061	-8.013
2461266.77796	R	1.22800	10.381	10.610	na	0.002	491	4.328	517.104	5024	-8.316
2461266.77796	B	1.22800	11.117	11.733	na	0.002	529	4.730	506.527	4089	-8.177
2461266.77866	V	1.23100	10.660	11.041	na	0.002	583	3.971	508.532	4453	-8.002
2461266.77866	R	1.23100	10.394	10.628	na	0.002	506	3.909	518.648	5421	-8.302
2461266.77866	B	1.23100	11.116	11.734	na	0.002	540	4.428	506.868	4363	-8.180
2461266.77936	V	1.23400	10.670	11.038	na	0.002	580	4.690	508.840	3838	-8.009
2461266.77936	R	1.23400	10.401	10.612	na	0.002	485	4.438	517.274	4917	-8.306
2461266.77936	B	1.23400	11.140	11.744	na	0.002	521	5.156	506.988	3754	-8.173
2461266.78007	V	1.23700	10.672	11.040	na	0.002	584	3.912	508.912	4646	-8.006
2461266.78007	R	1.23700	10.397	10.616	na	0.002	511	3.725	518.557	5768	-8.298
2461266.78007	B	1.23700	11.134	11.737	na	0.002	534	4.471	506.072	4433	-8.164
2461266.78078	V	1.24000	10.676	11.040	na	0.002	585	3.915	508.663	4649	-8.001
2461266.78078	R	1.24000	10.402	10.607	na	0.002	509	3.676	518.914	5944	-8.298
2461266.78078	B	1.24000	11.143	11.737	na	0.002	539	4.356	506.611	4536	-8.153
2461266.78148	V	1.24400	10.671	11.039	na	0.002	583	3.886	507.943	4705	-7.999
2461266.78148	R	1.24400	10.383	10.594	na	0.002	511	3.583	518.203	6247	-8.300
2461266.78148	B	1.24400	11.137	11.738	na	0.002	537	4.363	505.064	4511	-8.158
2461266.78219	V	1.24700	10.676	11.037	na	0.002	583	3.671	508.978	5137	-7.985
2461266.78219	R	1.24700	10.408	10.620	na	0.002	519	3.247	519.846	6913	-8.283
2461266.78219	B	1.24700	11.148	11.741	na	0.002	542	3.869	506.464	5071	-8.127
2461266.78288	V	1.25000	10.688	11.055	na	0.002	583	3.702	508.943	4933	-7.985
2461266.78288	R	1.25000	10.412	10.635	na	0.002	511	3.877	520.059	6252	-8.291
2461266.78288	B	1.25000	11.157	11.751	na	0.002	543	3.995	507.613	4717	-8.130
2461266.78359	V	1.25300	10.666	11.024	na	0.002	576	4.493	508.310	3998	-8.001
2461266.78359	R	1.25300	10.405	10.600	na	0.002	498	4.427	519.807	4911	-8.286
2461266.78359	B	1.25300	11.147	11.725	na	0.002	522	4.914	507.422	3932	-8.155
2461266.78428	V	1.25600	10.691	11.049	na	0.002	576	3.854	509.242	4713	-7.981
2461266.78428	R	1.25600	10.431	10.630	na	0.002	490	4.311	519.592	5664	-8.278
2461266.78428	B	1.25600	11.167	11.763	na	0.002	537	4.264	505.866	4497	-8.127
2461266.78499	V	1.26000	10.697	11.035	na	0.002	576	3.826	509.208	4827	-7.976
2461266.78499	R	1.26000	10.420	10.618	na	0.002	500	3.724	520.123	5978	-8.282
2461266.78499	B	1.26000	11.180	11.746	na	0.002	526	4.334	506.141	4526	-8.120
2461266.78569	V	1.26300	10.696	11.038	na	0.002	575	4.279	508.890	4160	-7.978
2461266.78569	R	1.26300	10.420	10.611	na	0.002	496	4.117	517.696	5200	-8.285
2461266.78569	B	1.26300	11.173	11.754	na	0.002	518	4.890	506.089	3952	-8.132
2461266.78640	V	1.26600	10.694	11.043	na	0.002	572	4.644	508.384	3730	-7.988
2461266.78640	R	1.26600	10.434	10.628	na	0.002	471	4.683	521.128	4760	-8.280
2461266.78640	B	1.26600	11.172	11.753	na	0.002	513	5.139	505.991	3645	-8.139
2461266.78709	V	1.27000	10.706	11.042	na	0.002	570	4.180	508.276	4092	-7.964
2461266.78709	R	1.27000	10.422	10.627	na	0.002	488	4.123	516.038	5355	-8.277
2461266.78709	B	1.27000	11.180	11.750	na	0.002	524	4.563	505.687	4037	-8.119
2461266.78780	V	1.27300	10.698	11.041	na	0.002	578	3.766	508.700	4861	-7.965
2461266.78780	R	1.27300	10.421	10.618	na	0.002	505	3.938	518.407	6036	-8.275
2461266.78780	B	1.27300	11.174	11.736	na	0.002	535	4.144	506.432	4665	-8.099
2461266.78851	V	1.27600	10.714	11.036	na	0.002	570	4.021	508.172	4471	-7.956
2461266.78851	R	1.27600	10.434	10.619	na	0.002	488	3.824	518.685	5732	-8.260
2461266.78851	B	1.27600	11.176	11.744	na	0.002	532	4.540	506.161	4282	-8.118
2461266.78921	V	1.28000	10.708	11.046	na	0.002	571	3.900	508.706	4371	-7.961
2461266.78921	R	1.28000	10.432	10.610	na	0.002	489	4.019	518.286	5606	-8.259
2461266.78921	B	1.28000	11.179	11.745	na	0.002	518	4.515	506.091	4122	-8.107
2461266.78992	V	1.28300	10.714	11.040	na	0.002	573	3.757	508.392	4869	-7.946
2461266.78992	R	1.28300	10.438	10.611	na	0.002	503	3.979	518.500	6198	-8.256
2461266.78992	B	1.28300	11.188	11.740	na	0.002	534	4.239	505.438	4530	-8.083
2461266.79063	V	1.28700	10.713	11.039	na	0.002	571	4.080	508.329	4157	-7.955
2461266.79063	R	1.28700	10.446	10.617	na	0.002	478	4.572	518.462	5173	-8.259
2461266.79063	B	1.28700	11.192	11.744	na	0.002	519	4.503	505.709	4084	-8.101
2461266.79132	V	1.29100	10.727	11.053	na	0.002	569	3.824	508.693	4673	-7.943
2461266.79132	R	1.29100	10.451	10.625	na	0.002	498	3.617	519.586	5986	-8.247
2461266.79132	B	1.29100	11.196	11.755	na	0.002	518	4.344	506.005	4410	-8.096
2461266.79203	V	1.29400	10.714	11.033	na	0.002	569	3.863	508.872	4569	-7.945
2461266.79203	R	1.29400	10.432	10.610	na	0.002	498	3.699	517.531	5745	-8.256
2461266.79203	B	1.29400	11.184	11.732	na	0.002	517	4.279	506.574	4363	-8.086
2461266.79273	V	1.29800	10.711	11.034	na	0.002	567	4.143	508.186	4230	-7.955
2461266.79273	R	1.29800	10.434	10.604	na	0.002	484	4.206	518.901	5491	-8.255
2461266.79273	B	1.29800	11.190	11.740	na	0.002	514	4.762	506.359	3985	-8.093
2461266.79344	V	1.30200	10.721	11.043	na	0.002	569	3.609	508.681	4905	-7.944
2461266.79344	R	1.30200	10.449	10.626	na	0.002	506	3.938	518.302	5944	-8.245
2461266.79344	B	1.30200	11.207	11.736	na	0.002	521	3.872	507.081	4678	-8.070
2461266.79414	V	1.30500	10.724	11.040	na	0.002	563	3.851	508.318	4456	-7.937
2461266.79414	R	1.30500	10.436	10.616	na	0.002	474	4.362	516.343	5378	-8.253
2461266.79414	B	1.30500	11.198	11.734	na	0.002	513	4.383	506.855	4253	-8.083
2461266.79485	V	1.30900	10.727	11.036	na	0.002	562	4.061	508.191	4163	-7.938
2461266.79485	R	1.30900	10.445	10.613	na	0.002	466	4.362	518.182	5187	-8.247
2461266.79485	B	1.30900	11.204	11.741	na	0.002	508	4.441	506.602	4072	-8.078
2461266.79556	V	1.31300	10.720	11.036	na	0.002	563	4.152	507.767	4127	-7.935
2461266.79556	R	1.31300	10.453	10.610	na	0.002	479	3.945	517.828	5195	-8.234
2461266.79556	B	1.31300	11.201	11.746	na	0.002	506	4.611	506.184	3973	-8.085
2461266.79625	V	1.31700	10.733	11.050	na	0.002	564	3.961	508.709	4369	-7.938
2461266.79625	R	1.31700	10.441	10.623	na	0.002	488	4.034	517.974	5782	-8.251
2461266.79625	B	1.31700	11.194	11.745	na	0.002	511	4.655	506.607	4043	-8.086
2461266.79696	V	1.32100	10.712	11.023	na	0.002	560	3.889	508.395	4457	-7.931
2461266.79696	R	1.32100	10.434	10.601	na	0.002	486	3.766	517.080	5618	-8.239
2461266.79696	B	1.32100	11.190	11.731	na	0.002	507	4.382	505.891	4190	-8.072
2461266.79766	V	1.32500	10.718	11.028	na	0.002	561	3.914	508.897	4524	-7.927
2461266.79766	R	1.32500	10.452	10.608	na	0.002	488	3.546	518.002	6163	-8.223
2461266.79766	B	1.32500	11.198	11.730	na	0.002	510	4.228	505.952	4396	-8.067
2461266.79837	V	1.32900	10.729	11.042	na	0.002	563	3.300	509.090	5353	-7.922
2461266.79837	R	1.32900	10.464	10.619	na	0.002	499	3.659	519.298	6692	-8.210
2461266.79837	B	1.32900	11.202	11.742	na	0.002	516	3.896	507.345	4750	-8.065
2461266.79907	V	1.33300	10.722	11.046	na	0.002	565	3.612	508.950	5106	-7.921
2461266.79907	R	1.33300	10.446	10.611	na	0.002	524	3.280	519.310	6850	-8.158
2461266.79907	B	1.33300	11.196	11.739	na	0.002	522	3.840	506.995	4968	-8.042
2461266.79978	V	1.33700	10.739	11.043	na	0.002	557	3.804	508.446	4516	-7.906
2461266.79978	R	1.33700	10.459	10.615	na	0.002	495	3.533	517.505	5865	-8.215
2461266.79978	B	1.33700	11.227	11.745	na	0.002	500	4.435	506.579	4089	-8.037
2461266.80047	V	1.34100	10.736	11.041	na	0.002	560	3.495	508.977	5289	-7.904
2461266.80047	R	1.34100	10.447	10.614	na	0.002	509	3.166	516.606	7144	-8.210
2461266.80047	B	1.34100	11.215	11.739	na	0.002	513	3.839	506.532	4892	-8.023
2461266.80118	V	1.34500	10.733	11.044	na	0.002	557	3.568	509.170	4904	-7.895
2461266.80118	R	1.34500	10.456	10.619	na	0.002	491	3.759	516.459	6175	-8.206
2461266.80118	B	1.34500	11.199	11.730	na	0.002	507	3.995	507.172	4434	-8.023
2461266.80189	V	1.35000	10.734	11.043	na	0.002	549	4.067	508.410	3978	-7.894
2461266.80189	R	1.35000	10.471	10.630	na	0.002	464	4.289	518.157	5024	-8.200
2461266.80189	B	1.35000	11.204	11.744	na	0.002	492	4.656	506.059	3741	-8.039
2461266.80259	V	1.35400	10.717	11.033	na	0.002	554	3.888	509.233	4272	-7.907
2461266.80259	R	1.35400	10.450	10.617	na	0.002	466	3.909	517.843	5555	-8.206
2461266.80259	B	1.35400	11.200	11.743	na	0.002	496	4.153	506.441	4152	-8.034
2461266.80330	V	1.35800	10.732	11.044	na	0.002	549	3.778	508.915	4379	-7.892
2461266.80330	R	1.35800	10.456	10.620	na	0.002	480	3.908	516.702	5662	-8.202
2461266.80330	B	1.35800	11.205	11.737	na	0.002	496	4.279	507.061	4085	-8.020
2461266.80400	V	1.36300	10.723	11.037	na	0.002	543	4.627	508.289	3391	-7.898
2461266.80400	R	1.36300	10.455	10.624	na	0.002	435	4.719	517.575	4337	-8.203
2461266.80400	B	1.36300	11.187	11.733	na	0.002	468	5.302	506.563	3194	-8.045
2461266.80471	V	1.36700	10.734	11.049	na	0.002	551	4.195	508.261	3959	-7.897
2461266.80471	R	1.36700	10.460	10.624	na	0.002	465	4.020	516.224	4962	-8.198
2461266.80471	B	1.36700	11.190	11.733	na	0.002	482	4.674	507.623	3784	-8.044
2461266.80541	V	1.37100	10.717	11.032	na	0.002	556	3.848	508.441	4550	-7.903
2461266.80541	R	1.37100	10.453	10.616	na	0.002	501	3.493	516.920	6154	-8.179
2461266.80541	B	1.37100	11.183	11.738	na	0.002	505	4.273	507.052	4327	-8.028
2461266.80611	V	1.37600	10.711	11.036	na	0.002	557	3.376	508.558	5333	-7.896
2461266.80611	R	1.37600	10.456	10.628	na	0.002	511	3.508	514.301	6813	-8.157
2461266.80611	B	1.37600	11.188	11.740	na	0.002	519	3.765	507.109	4845	-8.008
2461266.80682	V	1.38100	10.714	11.031	na	0.002	556	3.846	508.527	4730	-7.898
2461266.80682	R	1.38100	10.436	10.613	na	0.002	490	3.406	515.001	6658	-8.207
2461266.80682	B	1.38100	11.180	11.733	na	0.002	507	3.939	506.959	4707	-8.018
2461266.80756	V	1.38500	10.719	11.042	na	0.002	553	3.571	507.794	4777	-7.896
2461266.80756	R	1.38500	10.450	10.611	na	0.002	484	3.751	515.052	5991	-8.190
2461266.80756	B	1.38500	11.182	11.739	na	0.002	506	4.099	506.060	4320	-8.026
2461266.80825	V	1.39000	10.709	11.040	na	0.002	555	3.701	508.053	4678	-7.903
2461266.80825	R	1.39000	10.438	10.621	na	0.002	484	3.650	513.642	5783	-8.214
2461266.80825	B	1.39000	11.181	11.746	na	0.002	502	4.132	506.049	4233	-8.035
2461266.80896	V	1.39500	10.708	11.031	na	0.002	555	3.692	508.261	4674	-7.900
2461266.80896	R	1.39500	10.450	10.618	na	0.002	488	3.793	513.318	6041	-8.187
2461266.80896	B	1.39500	11.181	11.733	na	0.002	505	4.110	507.399	4320	-8.035
2461266.80966	V	1.40000	10.708	11.051	na	0.002	553	3.837	507.665	4456	-7.895
2461266.80966	R	1.40000	10.435	10.624	na	0.002	490	3.411	514.458	6098	-8.197
2461266.80966	B	1.40000	11.165	11.744	na	0.002	497	4.220	506.132	4241	-8.035
2461266.81037	V	1.40400	10.704	11.044	na	0.002	552	3.844	508.169	4472	-7.891
2461266.81037	R	1.40400	10.429	10.617	na	0.002	486	3.644	514.262	5817	-8.199
2461266.81037	B	1.40400	11.178	11.750	na	0.002	500	4.079	506.547	4263	-8.026
2461266.81108	V	1.40900	10.688	11.021	na	0.002	549	3.947	508.010	4315	-7.890
2461266.81108	R	1.40900	10.424	10.616	na	0.002	481	3.493	515.327	6007	-8.193
2461266.81108	B	1.40900	11.150	11.733	na	0.002	498	4.092	506.593	4326	-8.032
2461266.81178	V	1.41400	10.681	11.034	na	0.002	545	3.903	508.069	4193	-7.889
2461266.81178	R	1.41400	10.414	10.620	na	0.002	471	3.707	512.523	5356	-8.190
2461266.81178	B	1.41400	11.136	11.738	na	0.002	489	4.349	506.041	3927	-8.025
2461266.81248	V	1.41900	10.675	11.045	na	0.002	541	4.204	508.764	3692	-7.885
2461266.81248	R	1.41900	10.419	10.626	na	0.002	437	4.496	513.224	4559	-8.180
2461266.81248	B	1.41900	11.136	11.743	na	0.002	470	4.944	506.436	3410	-8.029
2461266.81318	V	1.42400	10.668	11.041	na	0.002	541	4.215	508.610	3672	-7.887
2461266.81318	R	1.42400	10.403	10.622	na	0.002	437	4.362	515.773	4701	-8.188
2461266.81318	B	1.42400	11.133	11.765	na	0.002	481	4.880	506.885	3408	-8.039
2461266.81389	V	1.42900	10.664	11.037	na	0.002	543	4.180	509.013	3813	-7.890
2461266.81389	R	1.42900	10.400	10.636	na	0.002	456	3.967	515.064	4840	-8.195
2461266.81389	B	1.42900	11.124	11.740	na	0.002	481	4.800	506.662	3524	-8.032
2461266.81459	V	1.43400	10.649	11.034	na	0.002	549	4.125	508.409	3879	-7.903
2461266.81459	R	1.43400	10.389	10.621	na	0.002	467	3.877	515.080	4989	-8.195
2461266.81459	B	1.43400	11.113	11.746	na	0.002	487	4.765	506.488	3621	-8.045
2461266.81530	V	1.44000	10.650	11.048	na	0.002	552	3.958	508.624	4198	-7.913
2461266.81530	R	1.44000	10.394	10.642	na	0.002	464	3.751	515.519	5385	-8.202
2461266.81530	B	1.44000	11.106	11.751	na	0.002	506	4.378	506.493	3989	-8.058
2461266.81601	V	1.44500	10.649	11.052	na	0.002	553	4.014	508.584	4156	-7.917
2461266.81601	R	1.44500	10.381	10.621	na	0.002	471	3.753	515.100	5406	-8.212
2461266.81601	B	1.44500	11.112	11.760	na	0.002	499	4.256	506.868	4060	-8.061
2461266.81671	V	1.45000	10.622	11.038	na	0.002	552	3.974	508.644	4134	-7.920
2461266.81671	R	1.45000	10.373	10.624	na	0.002	472	3.754	513.601	5277	-8.206
2461266.81671	B	1.45000	11.055	11.747	na	0.002	499	4.485	506.466	3947	-8.085
2461266.81742	V	1.45600	10.602	11.022	na	0.002	554	3.953	508.876	4187	-7.924
2461266.81742	R	1.45600	10.342	10.602	na	0.002	472	3.689	516.700	5506	-8.221
2461266.81742	B	1.45600	11.057	11.727	na	0.002	499	4.238	507.141	4059	-8.077
2461266.81811	V	1.46100	10.594	11.041	na	0.002	544	4.610	508.508	3390	-7.920
2461266.81811	R	1.46100	10.346	10.621	na	0.002	442	4.394	517.267	4259	-8.204
2461266.81811	B	1.46100	11.041	11.741	na	0.002	468	5.290	506.956	3166	-8.081
2461266.81881	V	1.46700	10.590	11.034	na	0.002	535	4.730	509.206	3209	-7.889
2461266.81881	R	1.46700	10.333	10.593	na	0.003	413	4.520	515.261	4063	-8.181
2461266.81881	B	1.46700	11.023	11.722	na	0.002	450	5.308	505.891	3037	-8.052
2461266.81951	V	1.47200	10.577	11.012	na	0.002	526	4.769	508.982	2956	-7.853
2461266.81951	R	1.47200	10.335	10.597	na	0.003	422	4.652	515.877	3943	-8.145
2461266.81951	B	1.47200	11.017	11.711	na	0.002	447	5.206	507.635	2899	-8.015
2461266.82022	V	1.47800	10.556	11.037	na	0.002	520	5.063	508.555	2844	-7.857
2461266.82022	R	1.47800	10.296	10.600	na	0.003	408	4.828	516.441	3655	-8.156
2461266.82022	B	1.47800	11.002	11.751	na	0.002	439	5.564	505.930	2756	-8.013
2461266.82093	V	1.48400	10.541	11.034	na	0.002	524	4.659	508.849	3234	-7.855
2461266.82093	R	1.48400	10.300	10.619	na	0.003	415	4.328	514.494	4212	-8.142
2461266.82093	B	1.48400	10.975	11.745	na	0.002	451	5.269	506.477	3027	-8.016
2461266.82163	V	1.48900	10.526	11.030	na	0.002	520	4.669	509.049	3186	-7.842
2461266.82163	R	1.48900	10.284	10.599	na	0.003	418	4.514	515.271	4040	-8.129
2461266.82163	B	1.48900	10.972	11.751	na	0.003	432	5.519	508.067	2899	-8.001
2461266.82234	V	1.49500	10.512	11.040	na	0.002	522	4.557	508.621	3152	-7.838
2461266.82234	R	1.49500	10.269	10.604	na	0.003	406	4.682	515.385	4004	-8.117
2461266.82234	B	1.49500	10.949	11.746	na	0.002	447	5.438	507.577	2894	-8.014
2461266.82303	V	1.50100	10.495	11.042	na	0.002	517	5.468	509.074	2570	-7.866
2461266.82303	R	1.50100	10.257	10.612	na	0.003	402	5.192	517.170	3286	-8.141
2461266.82303	B	1.50100	10.923	11.732	na	0.002	437	6.116	507.217	2512	-8.041
2461266.82374	V	1.50700	10.491	11.034	na	0.002	528	4.363	509.277	3400	-7.862
2461266.82374	R	1.50700	10.244	10.624	na	0.002	437	4.416	516.425	4452	-8.155
2461266.82374	B	1.50700	10.909	11.740	na	0.002	455	5.252	507.227	3103	-8.048
2461266.82444	V	1.51300	10.465	11.025	na	0.002	543	4.399	509.317	3567	-7.908
2461266.82444	R	1.51300	10.238	10.605	na	0.002	457	3.938	516.674	4613	-8.168
2461266.82444	B	1.51300	10.897	11.716	na	0.002	472	4.930	506.977	3422	-8.085
2461266.82515	V	1.51900	10.449	11.043	na	0.002	560	4.611	509.126	3587	-7.963
2461266.82515	R	1.51900	10.212	10.623	na	0.002	445	4.273	514.712	4669	-8.237
2461266.82515	B	1.51900	10.879	11.742	na	0.002	487	5.159	507.245	3421	-8.136
2461266.82586	V	1.52500	10.440	11.052	na	0.002	561	4.493	509.246	3677	-7.976
2461266.82586	R	1.52500	10.224	10.623	na	0.002	453	4.014	517.186	4777	-8.226
2461266.82586	B	1.52500	10.865	11.752	na	0.002	503	5.156	506.451	3465	-8.154
2461266.82655	V	1.53100	10.430	11.049	na	0.002	559	4.794	509.021	3266	-7.974
2461266.82655	R	1.53100	10.212	10.630	na	0.003	419	4.988	516.009	4055	-8.237
2461266.82655	B	1.53100	10.844	11.750	na	0.002	486	5.484	504.941	3097	-8.152
2461266.82726	V	1.53800	10.385	11.026	na	0.002	529	7.076	508.878	2022	-7.975
2461266.82726	R	1.53800	10.160	10.614	na	0.003	363	6.936	517.379	2530	-8.245
2461266.82726	B	1.53800	10.791	11.708	na	0.003	409	7.796	508.095	2003	-8.162
2461266.82796	V	1.54400	10.392	11.046	na	0.002	546	5.548	508.541	2792	-7.963
2461266.82796	R	1.54400	10.180	10.641	na	0.003	417	5.232	514.763	3548	-8.217
2461266.82796	B	1.54400	10.796	11.755	na	0.002	458	6.566	506.528	2624	-8.161
2461266.82867	V	1.55100	10.368	11.034	na	0.002	550	5.064	509.253	3142	-7.958
2461266.82867	R	1.55100	10.146	10.610	na	0.003	424	4.704	516.022	3986	-8.222
2461266.82867	B	1.55100	10.775	11.749	na	0.002	465	5.933	506.965	2965	-8.164
2461266.82938	V	1.55700	10.352	11.037	na	0.002	553	5.440	508.951	2972	-7.994
2461266.82938	R	1.55700	10.133	10.630	na	0.003	415	4.987	513.705	3822	-8.257
2461266.82938	B	1.55700	10.768	11.750	na	0.002	465	6.417	506.954	2784	-8.188
2461266.83008	V	1.56400	10.348	11.035	na	0.002	556	5.580	509.255	2916	-7.999
2461266.83008	R	1.56400	10.137	10.616	na	0.003	426	5.324	515.663	3641	-8.260
2461266.83008	B	1.56400	10.747	11.739	na	0.002	481	6.021	506.690	2822	-8.195
2461266.83079	V	1.57100	10.347	11.040	na	0.002	547	5.245	508.919	3012	-7.984
2461266.83079	R	1.57100	10.125	10.606	na	0.003	411	5.318	515.439	3728	-8.244
2461266.83079	B	1.57100	10.751	11.762	na	0.002	483	6.068	506.638	2906	-8.185
2461266.83148	V	1.57700	10.349	11.055	na	0.002	537	6.145	509.439	2429	-7.974
2461266.83148	R	1.57700	10.134	10.611	na	0.003	390	5.712	515.358	3124	-8.213
2461266.83148	B	1.57700	10.725	11.754	na	0.002	455	6.710	506.319	2423	-8.173
2461266.83219	V	1.58400	10.315	11.026	na	0.002	542	4.910	509.695	3178	-7.955
2461266.83219	R	1.58400	10.107	10.618	na	0.002	437	4.637	515.544	4012	-8.208
2461266.83219	B	1.58400	10.696	11.728	na	0.002	469	5.773	507.038	2980	-8.156
2461266.83289	V	1.59100	10.329	11.047	na	0.002	522	5.397	509.575	2743	-7.890
2461266.83289	R	1.59100	10.111	10.629	na	0.003	388	5.173	514.801	3585	-8.150
2461266.83289	B	1.59100	10.724	11.749	na	0.003	431	6.353	507.911	2538	-8.088
2461266.83360	V	1.59800	10.317	11.027	na	0.002	513	5.661	508.663	2521	-7.859
2461266.83360	R	1.59800	10.096	10.577	na	0.003	371	5.100	515.561	3280	-8.109
2461266.83360	B	1.59800	10.719	11.743	na	0.003	431	6.549	506.986	2403	-8.056
2461266.83431	V	1.60500	10.327	11.044	na	0.002	494	6.683	509.872	2098	-7.842
2461266.83431	R	1.60500	10.115	10.635	na	0.003	350	6.192	517.057	2649	-8.094
2461266.83431	B	1.60500	10.724	11.751	na	0.003	399	7.199	507.141	2093	-8.036
2461266.83501	V	1.61200	10.348	11.055	na	0.002	486	6.722	509.243	1983	-7.832
2461266.83501	R	1.61200	10.128	10.644	na	0.003	339	6.397	515.482	2552	-8.098
2461266.83501	B	1.61200	10.734	11.767	na	0.003	393	7.452	507.192	1976	-8.038
2461266.83572	V	1.62000	10.330	11.039	na	0.002	503	5.508	509.208	2568	-7.825
2461266.83572	R	1.62000	10.128	10.605	na	0.003	376	4.643	514.992	3427	-8.057
2461266.83572	B	1.62000	10.703	11.712	na	0.003	426	6.447	506.863	2421	-8.028
2461266.83642	V	1.62700	10.312	11.021	na	0.002	489	6.131	509.134	2145	-7.802
2461266.83642	R	1.62700	10.109	10.604	na	0.003	356	5.830	513.799	2684	-8.061
2461266.83642	B	1.62700	10.709	11.716	na	0.003	386	7.265	506.440	1977	-8.003
2461266.83712	V	1.63400	10.345	11.050	na	0.002	482	5.877	508.869	2307	-7.766
2461266.83712	R	1.63400	10.149	10.647	na	0.003	348	5.347	513.806	2919	-8.009
2461266.83712	B	1.63400	10.734	11.749	na	0.003	398	6.721	506.477	2190	-7.966
2461266.83782	V	1.64200	10.342	11.052	na	0.002	501	5.156	509.557	2691	-7.775
2461266.83782	R	1.64200	10.125	10.630	na	0.003	380	4.633	515.877	3490	-8.027
2461266.83782	B	1.64200	10.726	11.758	na	0.003	416	6.262	505.972	2446	-7.979
2461266.83853	V	1.65000	10.333	11.034	na	0.002	492	4.907	509.269	2733	-7.756
2461266.83853	R	1.65000	10.138	10.623	na	0.003	366	4.734	515.569	3548	-8.003
2461266.83853	B	1.65000	10.741	11.744	na	0.003	405	6.013	506.619	2498	-7.957
2461266.83924	V	1.65700	10.344	11.025	na	0.002	480	5.085	509.215	2521	-7.742
2461266.83924	R	1.65700	10.119	10.606	na	0.003	364	4.953	515.848	3282	-8.000
2461266.83924	B	1.65700	10.745	11.744	na	0.003	402	5.745	505.762	2400	-7.933
2461266.83994	V	1.66500	10.362	11.035	na	0.002	482	5.284	509.178	2410	-7.718
2461266.83994	R	1.66500	10.132	10.599	na	0.003	356	4.983	515.543	3171	-7.981
2461266.83994	B	1.66500	10.748	11.727	na	0.003	396	6.403	506.503	2227	-7.917
2461266.84065	V	1.67300	10.366	11.046	na	0.002	470	5.786	508.343	2245	-7.727
2461266.84065	R	1.67300	10.164	10.648	na	0.003	327	5.341	514.401	2859	-7.983
2461266.84065	B	1.67300	10.761	11.748	na	0.003	377	6.949	506.278	2053	-7.918
2461266.84134	V	1.68100	10.362	11.037	na	0.002	478	5.728	509.430	2390	-7.732
2461266.84134	R	1.68100	10.148	10.627	na	0.003	348	5.078	517.338	3143	-7.973
2461266.84134	B	1.68100	10.764	11.749	na	0.003	384	6.889	506.633	2150	-7.925
2461266.84205	V	1.68900	10.373	11.033	na	0.002	476	4.888	509.814	2511	-7.707
2461266.84205	R	1.68900	10.152	10.614	na	0.003	341	4.968	517.346	3189	-7.961
2461266.84205	B	1.68900	10.758	11.730	na	0.003	374	6.003	507.470	2292	-7.903
2461266.84275	V	1.69700	10.361	11.035	na	0.002	474	5.600	509.090	2362	-7.723
2461266.84275	R	1.69700	10.140	10.599	na	0.003	339	5.027	515.455	3083	-7.979
2461266.84275	B	1.69700	10.775	11.725	na	0.003	378	6.412	507.318	2236	-7.901
2461266.84347	V	1.70600	10.384	11.037	na	0.002	467	5.282	508.615	2220	-7.702
2461266.84347	R	1.70600	10.146	10.595	na	0.003	333	5.504	513.624	2762	-7.962
2461266.84347	B	1.70600	10.789	11.742	na	0.003	372	6.698	507.006	1970	-7.889
2461266.84418	V	1.71400	10.367	11.035	na	0.002	468	5.756	509.570	2201	-7.716
2461266.84418	R	1.71400	10.155	10.614	na	0.003	332	5.772	516.016	2741	-7.974
2461266.84418	B	1.71400	10.781	11.755	na	0.003	370	6.840	507.257	2026	-7.904
2461266.84487	V	1.72300	10.388	11.047	na	0.002	471	5.478	509.895	2447	-7.711
2461266.84487	R	1.72300	10.160	10.612	na	0.003	352	4.593	515.513	3271	-7.972
2461266.84487	B	1.72300	10.798	11.754	na	0.003	383	6.576	507.202	2261	-7.895
2461266.84558	V	1.73100	10.387	11.034	na	0.002	473	5.538	508.896	2391	-7.716
2461266.84558	R	1.73100	10.165	10.615	na	0.003	335	5.114	517.007	3009	-7.974
2461266.84558	B	1.73100	10.801	11.730	na	0.003	372	6.133	506.944	2188	-7.902
2461266.84628	V	1.74000	10.388	11.030	na	0.002	468	5.400	509.179	2320	-7.713
2461266.84628	R	1.74000	10.136	10.577	na	0.003	339	5.399	513.561	2947	-7.977
2461266.84628	B	1.74000	10.788	11.711	na	0.003	371	6.842	506.877	2054	-7.892
2461266.84699	V	1.74900	10.403	11.026	na	0.002	465	5.589	509.584	2250	-7.705
2461266.84699	R	1.74900	10.160	10.603	na	0.003	338	5.020	516.063	2925	-7.977
2461266.84699	B	1.74900	10.827	11.740	na	0.003	375	6.919	506.529	2031	-7.884
2461266.84767	V	1.75800	10.416	11.049	na	0.002	465	6.049	508.775	2066	-7.698
2461266.84767	R	1.75800	10.178	10.612	na	0.003	326	5.554	515.221	2634	-7.964
2461266.84767	B	1.75800	10.827	11.750	na	0.003	369	6.974	506.406	1909	-7.870
2461266.84838	V	1.76700	10.424	11.022	na	0.002	449	6.280	509.394	2006	-7.673
2461266.84838	R	1.76700	10.199	10.618	na	0.004	305	5.979	515.548	2494	-7.942
2461266.84838	B	1.76700	10.856	11.738	na	0.003	339	7.296	507.315	1832	-7.843
2461266.84909	V	1.77600	10.414	11.044	na	0.002	438	7.410	509.201	1568	-7.695
2461266.84909	R	1.77600	10.179	10.616	na	0.004	268	6.876	516.110	1985	-7.967
2461266.84909	B	1.77600	10.821	11.747	na	0.003	320	8.492	506.078	1476	-7.878
2461266.84979	V	1.78500	10.445	11.023	na	0.002	442	6.464	509.574	1811	-7.675
2461266.84979	R	1.78500	10.224	10.601	na	0.004	308	6.169	516.573	2307	-7.942
2461266.84979	B	1.78500	10.849	11.711	na	0.003	335	7.628	506.452	1672	-7.850
2461266.85050	V	1.79500	10.430	11.028	na	0.002	453	5.885	509.195	2053	-7.676
2461266.85050	R	1.79500	10.188	10.587	na	0.003	314	5.786	513.987	2619	-7.955
2461266.85050	B	1.79500	10.857	11.742	na	0.003	355	6.710	505.952	1959	-7.845
2461266.85120	V	1.80400	10.437	11.046	na	0.002	440	6.299	509.618	1944	-7.662
2461266.85120	B	1.80400	10.877	11.767	na	0.003	330	7.268	506.988	1803	-7.829
2461266.85120	R	1.80400	10.193	10.623	na	0.003	317	5.696	514.434	2499	-7.942
2461266.85191	V	1.81400	10.459	11.027	na	0.003	428	6.886	509.464	1696	-7.632
2461266.85191	B	1.81400	10.888	11.725	na	0.003	316	8.199	507.511	1534	-7.793
2461266.85191	R	1.81400	10.197	10.578	na	0.004	282	6.340	515.555	2153	-7.921
2461266.85260	V	1.82400	10.463	11.043	na	0.003	429	6.719	509.989	1706	-7.618
2461266.85260	B	1.82400	10.878	11.749	na	0.003	320	7.471	507.156	1636	-7.780
2461266.85260	R	1.82400	10.217	10.614	na	0.004	286	6.462	515.594	2225	-7.914
2461266.85331	R	1.83300	10.233	10.626	na	0.004	285	6.219	516.403	2134	-7.847
2461266.85331	B	1.83300	10.904	11.737	na	0.004	302	7.518	506.458	1565	-7.713
2461266.85331	V	1.83300	10.484	11.058	na	0.003	415	6.725	509.257	1678	-7.562
2461266.85402	V	1.84400	10.478	11.020	na	0.003	420	6.528	509.766	1684	-7.564
2461266.85402	R	1.84400	10.242	10.587	na	0.004	285	5.656	515.230	2303	-7.852
2461266.85402	B	1.84400	10.911	11.752	na	0.004	301	7.877	507.127	1560	-7.721
2461266.85472	V	1.85400	10.464	11.036	na	0.003	431	6.309	509.171	1786	-7.586
2461266.85472	R	1.85400	10.229	10.614	na	0.004	281	6.004	515.099	2308	-7.866
2461266.85472	B	1.85400	10.873	11.714	na	0.004	309	7.668	506.802	1664	-7.743
2461266.85543	V	1.86400	10.477	11.048	na	0.003	422	6.466	509.136	1862	-7.594
2461266.85543	R	1.86400	10.232	10.633	na	0.004	289	6.009	516.035	2357	-7.888
2461266.85543	B	1.86400	10.891	11.738	na	0.003	314	7.650	506.920	1751	-7.746
2461266.85613	V	1.87500	10.483	11.025	na	0.002	435	5.767	509.737	1981	-7.584
2461266.85613	R	1.87500	10.261	10.601	na	0.004	297	5.774	518.437	2493	-7.857
2461266.85613	B	1.87500	10.911	11.716	na	0.003	313	6.886	507.698	1804	-7.732
2461266.85684	V	1.88500	10.507	11.051	na	0.003	432	5.996	510.369	1873	-7.579
2461266.85684	R	1.88500	10.275	10.608	na	0.004	284	5.871	518.407	2380	-7.857
2461266.85684	B	1.88500	10.938	11.768	na	0.003	315	6.932	507.169	1723	-7.726
2461266.85753	V	1.89600	10.500	11.040	na	0.003	432	5.504	512.162	2062	-7.583
2461266.85753	R	1.89600	10.264	10.628	na	0.004	288	5.076	534.154	2832	-7.866
2461266.85753	B	1.89600	10.934	11.759	na	0.003	322	6.400	507.940	1898	-7.733
2461266.85824	V	1.90700	10.500	11.026	na	0.003	430	5.566	509.159	2055	-7.583
2461266.85824	R	1.90700	10.257	10.612	na	0.004	299	5.346	517.456	2742	-7.872
2461266.85824	B	1.90700	10.941	11.769	na	0.003	331	6.518	507.391	1884	-7.737
2461266.85895	V	1.91800	10.517	11.037	na	0.003	431	5.876	509.468	2008	-7.580
2461266.85895	R	1.91800	10.282	10.597	na	0.004	296	5.270	517.477	2628	-7.851
2461266.85895	B	1.91800	10.938	11.727	na	0.003	323	6.696	506.745	1765	-7.729
2461266.85965	V	1.92900	10.537	11.054	na	0.003	432	5.260	509.383	2081	-7.561
2461266.85965	R	1.92900	10.274	10.624	na	0.004	297	5.248	514.942	2761	-7.876
2461266.85965	B	1.92900	10.962	11.762	na	0.003	324	6.236	507.152	1917	-7.706
2461266.86036	V	1.94000	10.508	11.021	na	0.002	434	5.190	508.804	2189	-7.578
2461266.86036	R	1.94000	10.253	10.603	na	0.003	313	4.814	515.569	3045	-7.875
2461266.86036	B	1.94000	10.938	11.726	na	0.003	332	5.306	506.819	2024	-7.721
2461266.86106	V	1.95200	10.529	11.044	na	0.003	426	5.594	509.202	2055	-7.552
2461266.86106	R	1.95200	10.270	10.621	na	0.004	305	4.745	516.637	2770	-7.855
2461266.86106	B	1.95200	10.959	11.742	na	0.003	320	6.288	506.390	1817	-7.695
2461266.86177	V	1.96400	10.530	11.026	na	0.003	425	5.684	510.149	2030	-7.545
2461266.86177	R	1.96400	10.293	10.617	na	0.004	282	5.658	515.416	2647	-7.840
2461266.86177	B	1.96400	10.977	11.728	na	0.004	299	6.794	507.111	1808	-7.683
2461266.86248	V	1.97500	10.544	11.046	na	0.003	415	5.865	509.978	1958	-7.532
2461266.86248	R	1.97500	10.294	10.614	na	0.004	292	5.285	516.611	2579	-7.832
2461266.86248	B	1.97500	10.983	11.751	na	0.004	296	6.913	508.247	1764	-7.669
2461266.86318	V	1.98700	10.514	11.013	na	0.003	410	5.993	510.420	1897	-7.522
2461266.86318	R	1.98700	10.279	10.583	na	0.004	279	5.028	519.119	2550	-7.818
2461266.86318	B	1.98700	10.946	11.699	na	0.004	294	6.963	507.294	1730	-7.659
2461266.86390	V	2.00000	10.551	11.029	na	0.003	407	6.129	509.402	1807	-7.513
2461266.86390	R	2.00000	10.306	10.617	na	0.004	281	5.203	516.000	2427	-7.816
2461266.86390	B	2.00000	11.021	11.748	na	0.004	276	7.186	507.365	1615	-7.621
2461266.86461	V	2.01200	10.559	11.045	na	0.003	405	5.432	509.984	1949	-7.493
2461266.86461	R	2.01200	10.293	10.627	na	0.004	276	5.347	516.247	2583	-7.821
2461266.86461	B	2.01200	11.006	11.750	na	0.004	296	6.590	508.273	1740	-7.615
2461266.86531	V	2.02500	10.554	11.034	na	0.003	418	5.456	510.142	2079	-7.502
2461266.86531	R	2.02500	10.290	10.601	na	0.004	305	4.590	516.018	2838	-7.817
2461266.86531	B	2.02500	11.010	11.741	na	0.004	306	5.885	507.427	1816	-7.613
2461266.86602	V	2.03700	10.558	11.035	na	0.003	410	5.465	510.420	1971	-7.487
2461266.86602	R	2.03700	10.314	10.616	na	0.004	295	5.029	516.189	2727	-7.795
2461266.86602	B	2.03700	11.002	11.759	na	0.004	308	5.718	508.304	1764	-7.605
2461266.86671	V	2.05000	10.560	11.023	na	0.003	406	5.777	510.091	1951	-7.483
2461266.86671	R	2.05000	10.288	10.602	na	0.004	294	4.716	516.641	2641	-7.802
2461266.86671	B	2.05000	11.017	11.728	na	0.004	298	6.125	509.283	1711	-7.587
2461266.86742	V	2.06300	10.572	11.020	na	0.003	403	5.729	509.497	2034	-7.483
2461266.86742	R	2.06300	10.328	10.603	na	0.004	295	4.323	516.212	2777	-7.774
2461266.86742	B	2.06300	11.036	11.720	na	0.004	296	5.880	506.973	1789	-7.592
2461266.86813	V	2.07600	10.573	11.025	na	0.003	399	6.065	510.905	1800	-7.480
2461266.86813	R	2.07600	10.313	10.605	na	0.004	285	5.273	516.546	2451	-7.804
2461266.86813	B	2.07600	11.035	11.727	na	0.004	294	6.521	507.099	1639	-7.583
